iteration,option,n_opt,n_exp,selected,full_qehvi,full_entropy,point_idx,source,x_0,x_1,x_2,x_3,x_4,x_5,x_6,x_7,x_8,x_9,x_10,x_11,x_12,x_13,x_14
1,1,5,0,False,1.8025591354211512,1.0162155868282738,0,qEHVI,0.7000000000000001,0.22,0.0,0.0,0.04,0.0,0.0,0.0,0.0,0.0,0.0,0.0,0.0,0.02,0.02
1,1,5,0,False,1.8025591354211512,1.0162155868282738,1,qEHVI,0.74,0.02,0.16,0.0,0.04,0.0,0.0,0.0,0.0,0.0,0.0,0.0,0.0,0.04,0.0
1,1,5,0,False,1.8025591354211512,1.0162155868282738,2,qEHVI,0.0,0.4,0.5,0.04,0.0,0.0,0.0,0.0,0.0,0.0,0.0,0.0,0.0,0.04,0.02
1,1,5,0,False,1.8025591354211512,1.0162155868282738,3,qEHVI,0.68,0.06,0.2,0.0,0.0,0.0,0.0,0.0,0.04,0.0,0.0,0.0,0.0,0.0,0.02
1,1,5,0,False,1.8025591354211512,1.0162155868282738,4,qEHVI,0.02,0.8,0.08,0.0,0.04,0.0,0.0,0.0,0.0,0.0,0.0,0.0,0.0,0.04,0.02
1,2,4,1,False,1.6434876326341377,0.5619125021552449,0,qEHVI,0.7000000000000001,0.22,0.0,0.0,0.04,0.0,0.0,0.0,0.0,0.0,0.0,0.0,0.0,0.02,0.02
1,2,4,1,False,1.6434876326341377,0.5619125021552449,1,qEHVI,0.74,0.02,0.16,0.0,0.04,0.0,0.0,0.0,0.0,0.0,0.0,0.0,0.0,0.04,0.0
1,2,4,1,False,1.6434876326341377,0.5619125021552449,2,qEHVI,0.18,0.1,0.62,0.0,0.04,0.0,0.0,0.0,0.0,0.0,0.0,0.0,0.0,0.04,0.02
1,2,4,1,False,1.6434876326341377,0.5619125021552449,3,qEHVI,0.44,0.04,0.42,0.04,0.0,0.0,0.0,0.0,0.04,0.0,0.0,0.0,0.0,0.0,0.02
1,2,4,1,False,1.6434876326341377,0.5619125021552449,4,qUCB,0.04,0.8200000000000001,0.06,0.0,0.0,0.0,0.0,0.0,0.02,0.0,0.0,0.04,0.0,0.0,0.02
1,3,3,2,False,1.660198755526647,1.1329676802206041,0,qEHVI,0.7000000000000001,0.22,0.0,0.0,0.04,0.0,0.0,0.0,0.0,0.0,0.0,0.0,0.0,0.02,0.02
1,3,3,2,False,1.660198755526647,1.1329676802206041,1,qEHVI,0.52,0.02,0.36,0.04,0.0,0.0,0.0,0.0,0.04,0.0,0.0,0.0,0.0,0.0,0.02
1,3,3,2,False,1.660198755526647,1.1329676802206041,2,qEHVI,0.18,0.1,0.62,0.0,0.04,0.0,0.0,0.0,0.0,0.0,0.0,0.0,0.0,0.04,0.02
1,3,3,2,False,1.660198755526647,1.1329676802206041,3,qUCB,0.04,0.8200000000000001,0.06,0.0,0.0,0.0,0.0,0.0,0.02,0.0,0.0,0.04,0.0,0.0,0.02
1,3,3,2,False,1.660198755526647,1.1329676802206041,4,qUCB,0.0,0.28,0.66,0.0,0.0,0.0,0.0,0.0,0.0,0.0,0.0,0.04,0.0,0.0,0.02
1,4,2,3,False,1.704765696275277,0.7190878641084524,0,qEHVI,0.7000000000000001,0.22,0.0,0.0,0.04,0.0,0.0,0.0,0.0,0.0,0.0,0.0,0.0,0.02,0.02
1,4,2,3,False,1.704765696275277,0.7190878641084524,1,qEHVI,0.74,0.02,0.16,0.0,0.04,0.0,0.0,0.0,0.0,0.0,0.0,0.0,0.0,0.04,0.0
1,4,2,3,False,1.704765696275277,0.7190878641084524,2,qUCB,0.0,0.46,0.44,0.04,0.0,0.0,0.0,0.0,0.04,0.0,0.0,0.0,0.0,0.0,0.02
1,4,2,3,False,1.704765696275277,0.7190878641084524,3,qUCB,0.0,0.8200000000000001,0.08,0.0,0.0,0.0,0.0,0.0,0.04,0.0,0.0,0.04,0.0,0.0,0.02
1,4,2,3,False,1.704765696275277,0.7190878641084524,4,qUCB,0.1,0.1,0.7000000000000001,0.0,0.0,0.0,0.0,0.0,0.04,0.0,0.0,0.04,0.0,0.0,0.02
1,5,1,4,False,1.5774647777641437,0.5410027734315435,0,qEHVI,0.7000000000000001,0.22,0.0,0.0,0.04,0.0,0.0,0.0,0.0,0.0,0.0,0.0,0.0,0.02,0.02
1,5,1,4,False,1.5774647777641437,0.5410027734315435,1,qUCB,0.0,0.46,0.44,0.04,0.0,0.0,0.0,0.0,0.04,0.0,0.0,0.0,0.0,0.0,0.02
1,5,1,4,False,1.5774647777641437,0.5410027734315435,2,qUCB,0.0,0.8200000000000001,0.08,0.0,0.0,0.0,0.0,0.0,0.04,0.0,0.0,0.04,0.0,0.0,0.02
1,5,1,4,False,1.5774647777641437,0.5410027734315435,3,qUCB,0.1,0.1,0.7000000000000001,0.0,0.0,0.0,0.0,0.0,0.04,0.0,0.0,0.04,0.0,0.0,0.02
1,5,1,4,False,1.5774647777641437,0.5410027734315435,4,qUCB,0.0,0.72,0.18,0.04,0.0,0.0,0.0,0.0,0.0,0.0,0.0,0.04,0.0,0.0,0.02
1,6,0,5,True,1.5177184547417755,0.6717847958568335,0,qUCB,0.66,0.18,0.06,0.02,0.02,0.0,0.0,0.0,0.0,0.0,0.0,0.0,0.0,0.04,0.02
1,6,0,5,True,1.5177184547417755,0.6717847958568335,1,qUCB,0.12,0.64,0.14,0.0,0.04,0.0,0.0,0.0,0.04,0.0,0.0,0.0,0.0,0.0,0.02
1,6,0,5,True,1.5177184547417755,0.6717847958568335,2,qUCB,0.3,0.02,0.58,0.04,0.0,0.0,0.0,0.0,0.04,0.0,0.0,0.0,0.0,0.0,0.02
1,6,0,5,True,1.5177184547417755,0.6717847958568335,3,qUCB,0.0,0.18,0.72,0.0,0.04,0.0,0.0,0.0,0.0,0.0,0.0,0.0,0.0,0.04,0.02
1,6,0,5,True,1.5177184547417755,0.6717847958568335,4,qUCB,0.1,0.1,0.7000000000000001,0.0,0.0,0.0,0.0,0.0,0.04,0.0,0.0,0.04,0.0,0.0,0.02
2,1,5,0,False,11.107763402950596,2.127343862819698,0,qEHVI,0.6,0.0,0.34,0.0,0.04,0.0,0.0,0.0,0.0,0.0,0.0,0.0,0.0,0.02,0.0
2,1,5,0,False,11.107763402950596,2.127343862819698,1,qEHVI,0.54,0.18,0.2,0.0,0.0,0.0,0.0,0.0,0.0,0.0,0.0,0.0,0.0,0.04,0.04
2,1,5,0,False,11.107763402950596,2.127343862819698,2,qEHVI,0.52,0.0,0.46,0.02,0.0,0.0,0.0,0.0,0.0,0.0,0.0,0.0,0.0,0.0,0.0
2,1,5,0,False,11.107763402950596,2.127343862819698,3,qEHVI,0.64,0.02,0.26,0.04,0.0,0.0,0.0,0.0,0.04,0.0,0.0,0.0,0.0,0.0,0.0
2,1,5,0,False,11.107763402950596,2.127343862819698,4,qEHVI,0.52,0.0,0.38,0.0,0.02,0.0,0.0,0.0,0.04,0.0,0.0,0.0,0.0,0.04,0.0
2,2,4,1,False,10.853369488112863,1.3181359185321284,0,qEHVI,0.6,0.0,0.34,0.0,0.04,0.0,0.0,0.0,0.0,0.0,0.0,0.0,0.0,0.02,0.0
2,2,4,1,False,10.853369488112863,1.3181359185321284,1,qEHVI,0.52,0.0,0.46,0.02,0.0,0.0,0.0,0.0,0.0,0.0,0.0,0.0,0.0,0.0,0.0
2,2,4,1,False,10.853369488112863,1.3181359185321284,2,qEHVI,0.54,0.18,0.2,0.0,0.0,0.0,0.0,0.0,0.0,0.0,0.0,0.0,0.0,0.04,0.04
2,2,4,1,False,10.853369488112863,1.3181359185321284,3,qEHVI,0.64,0.02,0.26,0.04,0.0,0.0,0.0,0.0,0.04,0.0,0.0,0.0,0.0,0.0,0.0
2,2,4,1,False,10.853369488112863,1.3181359185321284,4,qUCB,0.54,0.02,0.34,0.0,0.0,0.0,0.0,0.0,0.04,0.0,0.0,0.02,0.0,0.0,0.04
2,3,3,2,False,10.270479793593486,1.5524218902072349,0,qEHVI,0.6,0.0,0.34,0.0,0.04,0.0,0.0,0.0,0.0,0.0,0.0,0.0,0.0,0.02,0.0
2,3,3,2,False,10.270479793593486,1.5524218902072349,1,qEHVI,0.5,0.22,0.18,0.0,0.02,0.0,0.0,0.0,0.0,0.0,0.0,0.0,0.0,0.04,0.04
2,3,3,2,False,10.270479793593486,1.5524218902072349,2,qEHVI,0.52,0.0,0.46,0.02,0.0,0.0,0.0,0.0,0.0,0.0,0.0,0.0,0.0,0.0,0.0
2,3,3,2,False,10.270479793593486,1.5524218902072349,3,qUCB,0.54,0.02,0.34,0.0,0.0,0.0,0.0,0.0,0.04,0.0,0.0,0.02,0.0,0.0,0.04
2,3,3,2,False,10.270479793593486,1.5524218902072349,4,qUCB,0.02,0.88,0.0,0.0,0.02,0.0,0.0,0.0,0.04,0.0,0.0,0.04,0.0,0.0,0.0
2,4,2,3,False,9.053602512253011,1.110942928701519,0,qEHVI,0.6,0.0,0.34,0.0,0.04,0.0,0.0,0.0,0.0,0.0,0.0,0.0,0.0,0.02,0.0
2,4,2,3,False,9.053602512253011,1.110942928701519,1,qEHVI,0.52,0.0,0.46,0.02,0.0,0.0,0.0,0.0,0.0,0.0,0.0,0.0,0.0,0.0,0.0
2,4,2,3,False,9.053602512253011,1.110942928701519,2,qUCB,0.54,0.02,0.34,0.0,0.0,0.0,0.0,0.0,0.04,0.0,0.0,0.02,0.0,0.0,0.04
2,4,2,3,False,9.053602512253011,1.110942928701519,3,qUCB,0.02,0.88,0.0,0.0,0.02,0.0,0.0,0.0,0.04,0.0,0.0,0.04,0.0,0.0,0.0
2,4,2,3,False,9.053602512253011,1.110942928701519,4,qUCB,0.86,0.04,0.0,0.0,0.02,0.0,0.0,0.0,0.04,0.0,0.0,0.04,0.0,0.0,0.0
2,5,1,4,False,8.9380844645212,1.4435933512619723,0,qEHVI,0.6,0.0,0.34,0.0,0.04,0.0,0.0,0.0,0.0,0.0,0.0,0.0,0.0,0.02,0.0
2,5,1,4,False,8.9380844645212,1.4435933512619723,1,qUCB,0.54,0.02,0.34,0.0,0.0,0.0,0.0,0.0,0.04,0.0,0.0,0.02,0.0,0.0,0.04
2,5,1,4,False,8.9380844645212,1.4435933512619723,2,qUCB,0.88,0.02,0.0,0.04,0.0,0.0,0.0,0.0,0.02,0.0,0.0,0.0,0.0,0.0,0.04
2,5,1,4,False,8.9380844645212,1.4435933512619723,3,qUCB,0.0,0.9,0.02,0.04,0.0,0.0,0.0,0.0,0.0,0.0,0.0,0.04,0.0,0.0,0.0
2,5,1,4,False,8.9380844645212,1.4435933512619723,4,qUCB,0.64,0.02,0.26,0.04,0.0,0.0,0.0,0.0,0.04,0.0,0.0,0.0,0.0,0.0,0.0
2,6,0,5,True,7.9290380388515045,1.2601669813641898,0,qUCB,0.58,0.0,0.36,0.02,0.04,0.0,0.0,0.0,0.0,0.0,0.0,0.0,0.0,0.0,0.0
2,6,0,5,True,7.9290380388515045,1.2601669813641898,1,qUCB,0.9400000000000001,0.02,0.0,0.0,0.0,0.0,0.0,0.0,0.02,0.0,0.0,0.0,0.0,0.0,0.02
2,6,0,5,True,7.9290380388515045,1.2601669813641898,2,qUCB,0.52,0.0,0.38,0.0,0.02,0.0,0.0,0.0,0.04,0.0,0.0,0.0,0.0,0.04,0.0
2,6,0,5,True,7.9290380388515045,1.2601669813641898,3,qUCB,0.92,0.0,0.0,0.0,0.02,0.0,0.0,0.0,0.0,0.0,0.0,0.02,0.0,0.04,0.0
2,6,0,5,True,7.9290380388515045,1.2601669813641898,4,qUCB,0.86,0.0,0.06,0.04,0.02,0.0,0.0,0.0,0.02,0.0,0.0,0.0,0.0,0.0,0.0
3,1,5,0,False,9.817400303584892,1.64274806465811,0,qEHVI,0.5,0.2,0.22,0.0,0.02,0.0,0.0,0.0,0.0,0.0,0.0,0.0,0.0,0.04,0.02
3,1,5,0,False,9.817400303584892,1.64274806465811,1,qEHVI,0.52,0.24,0.14,0.0,0.02,0.0,0.0,0.0,0.04,0.0,0.0,0.0,0.0,0.0,0.04
3,1,5,0,False,9.817400303584892,1.64274806465811,2,qEHVI,0.5,0.02,0.46,0.02,0.0,0.0,0.0,0.0,0.0,0.0,0.0,0.0,0.0,0.0,0.0
3,1,5,0,False,9.817400303584892,1.64274806465811,3,qEHVI,0.54,0.18,0.28,0.0,0.0,0.0,0.0,0.0,0.0,0.0,0.0,0.0,0.0,0.0,0.0
3,1,5,0,False,9.817400303584892,1.64274806465811,4,qEHVI,0.48,0.32,0.12,0.0,0.0,0.0,0.0,0.0,0.0,0.0,0.0,0.04,0.0,0.04,0.0
3,2,4,1,False,9.6956174980282,1.1049887882884746,0,qEHVI,0.5,0.2,0.22,0.0,0.02,0.0,0.0,0.0,0.0,0.0,0.0,0.0,0.0,0.04,0.02
3,2,4,1,False,9.6956174980282,1.1049887882884746,1,qEHVI,0.52,0.24,0.14,0.0,0.02,0.0,0.0,0.0,0.04,0.0,0.0,0.0,0.0,0.0,0.04
3,2,4,1,False,9.6956174980282,1.1049887882884746,2,qEHVI,0.5,0.02,0.46,0.02,0.0,0.0,0.0,0.0,0.0,0.0,0.0,0.0,0.0,0.0,0.0
3,2,4,1,False,9.6956174980282,1.1049887882884746,3,qEHVI,0.5,0.16,0.28,0.0,0.02,0.0,0.0,0.0,0.0,0.0,0.0,0.0,0.0,0.04,0.0
3,2,4,1,False,9.6956174980282,1.1049887882884746,4,qUCB,0.52,0.2,0.18,0.0,0.0,0.0,0.0,0.0,0.04,0.0,0.0,0.04,0.0,0.02,0.0
3,3,3,2,False,9.202682411659422,1.517826805633383,0,qEHVI,0.5,0.2,0.22,0.0,0.02,0.0,0.0,0.0,0.0,0.0,0.0,0.0,0.0,0.04,0.02
3,3,3,2,False,9.202682411659422,1.517826805633383,1,qEHVI,0.52,0.28,0.14,0.0,0.0,0.0,0.0,0.0,0.02,0.0,0.0,0.0,0.0,0.04,0.0
3,3,3,2,False,9.202682411659422,1.517826805633383,2,qEHVI,0.5,0.02,0.46,0.02,0.0,0.0,0.0,0.0,0.0,0.0,0.0,0.0,0.0,0.0,0.0
3,3,3,2,False,9.202682411659422,1.517826805633383,3,qUCB,0.56,0.16,0.18,0.0,0.0,0.0,0.0,0.0,0.04,0.0,0.0,0.02,0.0,0.0,0.04
3,3,3,2,False,9.202682411659422,1.517826805633383,4,qUCB,0.42,0.38,0.1,0.0,0.0,0.0,0.0,0.0,0.02,0.0,0.0,0.04,0.0,0.0,0.04
3,4,2,3,False,8.151934210195032,1.289634997550463,0,qEHVI,0.5,0.2,0.22,0.0,0.02,0.0,0.0,0.0,0.0,0.0,0.0,0.0,0.0,0.04,0.02
3,4,2,3,False,8.151934210195032,1.289634997550463,1,qEHVI,0.52,0.24,0.14,0.0,0.02,0.0,0.0,0.0,0.04,0.0,0.0,0.0,0.0,0.0,0.04
3,4,2,3,False,8.151934210195032,1.289634997550463,2,qUCB,0.52,0.2,0.18,0.0,0.0,0.0,0.0,0.0,0.04,0.0,0.0,0.04,0.0,0.02,0.0
3,4,2,3,False,8.151934210195032,1.289634997550463,3,qUCB,0.02,0.02,0.86,0.04,0.02,0.0,0.0,0.0,0.0,0.0,0.0,0.04,0.0,0.0,0.0
3,4,2,3,False,8.151934210195032,1.289634997550463,4,qUCB,0.02,0.9400000000000001,0.0,0.0,0.0,0.0,0.0,0.0,0.0,0.0,0.0,0.04,0.0,0.0,0.0
3,5,1,4,False,8.069170959264952,1.4282737801424839,0,qEHVI,0.5,0.2,0.22,0.0,0.02,0.0,0.0,0.0,0.0,0.0,0.0,0.0,0.0,0.04,0.02
3,5,1,4,False,8.069170959264952,1.4282737801424839,1,qUCB,0.48,0.2,0.22,0.02,0.0,0.0,0.0,0.0,0.04,0.0,0.0,0.04,0.0,0.0,0.0
3,5,1,4,False,8.069170959264952,1.4282737801424839,2,qUCB,0.0,0.06,0.86,0.04,0.0,0.0,0.0,0.0,0.04,0.0,0.0,0.0,0.0,0.0,0.0
3,5,1,4,False,8.069170959264952,1.4282737801424839,3,qUCB,0.38,0.5,0.04,0.0,0.0,0.0,0.0,0.0,0.04,0.0,0.0,0.04,0.0,0.0,0.0
3,5,1,4,False,8.069170959264952,1.4282737801424839,4,qUCB,0.62,0.12,0.2,0.0,0.0,0.0,0.0,0.0,0.02,0.0,0.0,0.04,0.0,0.0,0.0
3,6,0,5,True,7.801718789050627,0.5530776507838233,0,qUCB,0.52,0.2,0.18,0.0,0.0,0.0,0.0,0.0,0.04,0.0,0.0,0.04,0.0,0.02,0.0
3,6,0,5,True,7.801718789050627,0.5530776507838233,1,qUCB,0.34,0.56,0.0,0.0,0.0,0.0,0.0,0.0,0.0,0.0,0.0,0.02,0.0,0.04,0.04
3,6,0,5,True,7.801718789050627,0.5530776507838233,2,qUCB,0.54,0.16,0.2,0.0,0.04,0.0,0.0,0.0,0.04,0.0,0.0,0.0,0.0,0.0,0.02
3,6,0,5,True,7.801718789050627,0.5530776507838233,3,qUCB,0.0,0.0,0.96,0.0,0.0,0.0,0.0,0.0,0.0,0.0,0.0,0.0,0.0,0.02,0.02
3,6,0,5,True,7.801718789050627,0.5530776507838233,4,qUCB,0.74,0.0,0.22,0.0,0.0,0.0,0.0,0.0,0.0,0.0,0.0,0.04,0.0,0.0,0.0
4,1,5,0,False,6.125227358119407,1.5772382650582104,0,qEHVI,0.48,0.02,0.44,0.0,0.02,0.0,0.0,0.0,0.0,0.0,0.0,0.0,0.0,0.02,0.02
4,1,5,0,False,6.125227358119407,1.5772382650582104,1,qEHVI,0.48,0.16,0.26,0.0,0.04,0.0,0.0,0.0,0.0,0.0,0.0,0.0,0.0,0.04,0.02
4,1,5,0,False,6.125227358119407,1.5772382650582104,2,qEHVI,0.46,0.28,0.22,0.0,0.0,0.0,0.0,0.0,0.0,0.0,0.0,0.0,0.0,0.04,0.0
4,1,5,0,False,6.125227358119407,1.5772382650582104,3,qEHVI,0.48,0.02,0.42,0.04,0.0,0.0,0.0,0.0,0.0,0.0,0.0,0.0,0.0,0.02,0.02
4,1,5,0,False,6.125227358119407,1.5772382650582104,4,qEHVI,0.58,0.08,0.3,0.0,0.0,0.0,0.0,0.0,0.0,0.0,0.0,0.0,0.0,0.0,0.04
4,2,4,1,False,5.9564689243484885,0.7900478689740009,0,qEHVI,0.48,0.02,0.44,0.0,0.02,0.0,0.0,0.0,0.0,0.0,0.0,0.0,0.0,0.02,0.02
4,2,4,1,False,5.9564689243484885,0.7900478689740009,1,qEHVI,0.48,0.16,0.26,0.0,0.04,0.0,0.0,0.0,0.0,0.0,0.0,0.0,0.0,0.04,0.02
4,2,4,1,False,5.9564689243484885,0.7900478689740009,2,qEHVI,0.46,0.28,0.22,0.0,0.0,0.0,0.0,0.0,0.0,0.0,0.0,0.0,0.0,0.04,0.0
4,2,4,1,False,5.9564689243484885,0.7900478689740009,3,qEHVI,0.48,0.02,0.42,0.04,0.0,0.0,0.0,0.0,0.0,0.0,0.0,0.0,0.0,0.02,0.02
4,2,4,1,False,5.9564689243484885,0.7900478689740009,4,qUCB,0.08,0.8200000000000001,0.0,0.0,0.0,0.0,0.0,0.0,0.04,0.0,0.0,0.04,0.0,0.0,0.02
4,3,3,2,False,5.479637745046103,0.45166484599503876,0,qEHVI,0.48,0.02,0.44,0.0,0.02,0.0,0.0,0.0,0.0,0.0,0.0,0.0,0.0,0.02,0.02
4,3,3,2,False,5.479637745046103,0.45166484599503876,1,qEHVI,0.48,0.16,0.26,0.0,0.04,0.0,0.0,0.0,0.0,0.0,0.0,0.0,0.0,0.04,0.02
4,3,3,2,False,5.479637745046103,0.45166484599503876,2,qEHVI,0.46,0.28,0.22,0.0,0.0,0.0,0.0,0.0,0.0,0.0,0.0,0.0,0.0,0.04,0.0
4,3,3,2,False,5.479637745046103,0.45166484599503876,3,qUCB,0.08,0.8200000000000001,0.0,0.0,0.0,0.0,0.0,0.0,0.04,0.0,0.0,0.04,0.0,0.0,0.02
4,3,3,2,False,5.479637745046103,0.45166484599503876,4,qUCB,0.06,0.84,0.0,0.04,0.02,0.0,0.0,0.0,0.0,0.0,0.0,0.04,0.0,0.0,0.0
4,4,2,3,False,5.227143675569384,0.8292767442878795,0,qEHVI,0.48,0.02,0.44,0.0,0.02,0.0,0.0,0.0,0.0,0.0,0.0,0.0,0.0,0.02,0.02
4,4,2,3,False,5.227143675569384,0.8292767442878795,1,qEHVI,0.48,0.16,0.26,0.0,0.04,0.0,0.0,0.0,0.0,0.0,0.0,0.0,0.0,0.04,0.02
4,4,2,3,False,5.227143675569384,0.8292767442878795,2,qUCB,0.08,0.8200000000000001,0.0,0.0,0.0,0.0,0.0,0.0,0.04,0.0,0.0,0.04,0.0,0.0,0.02
4,4,2,3,False,5.227143675569384,0.8292767442878795,3,qUCB,0.06,0.84,0.0,0.04,0.02,0.0,0.0,0.0,0.0,0.0,0.0,0.04,0.0,0.0,0.0
4,4,2,3,False,5.227143675569384,0.8292767442878795,4,qUCB,0.44,0.06,0.4,0.04,0.0,0.0,0.0,0.0,0.02,0.0,0.0,0.04,0.0,0.0,0.0
4,5,1,4,False,3.615890828664675,0.9340139668062175,0,qEHVI,0.48,0.02,0.44,0.0,0.02,0.0,0.0,0.0,0.0,0.0,0.0,0.0,0.0,0.02,0.02
4,5,1,4,False,3.615890828664675,0.9340139668062175,1,qUCB,0.08,0.8200000000000001,0.0,0.0,0.0,0.0,0.0,0.0,0.04,0.0,0.0,0.04,0.0,0.0,0.02
4,5,1,4,False,3.615890828664675,0.9340139668062175,2,qUCB,0.06,0.84,0.0,0.04,0.02,0.0,0.0,0.0,0.0,0.0,0.0,0.04,0.0,0.0,0.0
4,5,1,4,False,3.615890828664675,0.9340139668062175,3,qUCB,0.44,0.06,0.4,0.04,0.0,0.0,0.0,0.0,0.02,0.0,0.0,0.04,0.0,0.0,0.0
4,5,1,4,False,3.615890828664675,0.9340139668062175,4,qUCB,0.0,0.9,0.02,0.0,0.0,0.0,0.0,0.0,0.0,0.0,0.0,0.04,0.0,0.04,0.0
4,6,0,5,True,4.069250372336342,0.2372354590944603,0,qUCB,0.48,0.0,0.5,0.0,0.0,0.0,0.0,0.0,0.0,0.0,0.0,0.0,0.0,0.0,0.02
4,6,0,5,True,4.069250372336342,0.2372354590944603,1,qUCB,0.0,0.98,0.0,0.0,0.0,0.0,0.0,0.0,0.0,0.0,0.0,0.0,0.0,0.0,0.02
4,6,0,5,True,4.069250372336342,0.2372354590944603,2,qUCB,0.0,0.9,0.0,0.04,0.02,0.0,0.0,0.0,0.0,0.0,0.0,0.0,0.0,0.02,0.02
4,6,0,5,True,4.069250372336342,0.2372354590944603,3,qUCB,0.48,0.02,0.42,0.04,0.0,0.0,0.0,0.0,0.0,0.0,0.0,0.0,0.0,0.02,0.02
4,6,0,5,True,4.069250372336342,0.2372354590944603,4,qUCB,0.52,0.02,0.4,0.0,0.0,0.0,0.0,0.0,0.0,0.0,0.0,0.02,0.0,0.0,0.04
5,1,5,0,False,4.175440502009157,0.6428882498764761,0,qEHVI,0.48,0.14,0.28,0.0,0.0,0.0,0.0,0.0,0.0,0.0,0.0,0.02,0.0,0.04,0.04
5,1,5,0,False,4.175440502009157,0.6428882498764761,1,qEHVI,0.58,0.1,0.26,0.0,0.0,0.0,0.0,0.0,0.0,0.0,0.0,0.0,0.0,0.02,0.04
5,1,5,0,False,4.175440502009157,0.6428882498764761,2,qEHVI,0.54,0.04,0.32,0.0,0.0,0.0,0.0,0.0,0.0,0.0,0.0,0.02,0.0,0.04,0.04
5,1,5,0,False,4.175440502009157,0.6428882498764761,3,qEHVI,0.46,0.02,0.44,0.0,0.04,0.0,0.0,0.0,0.0,0.0,0.0,0.0,0.0,0.04,0.0
5,1,5,0,False,4.175440502009157,0.6428882498764761,4,qEHVI,0.44,0.14,0.32,0.04,0.0,0.0,0.0,0.0,0.04,0.0,0.0,0.0,0.0,0.0,0.02
5,2,4,1,False,4.025369175296888,0.7676517777242502,0,qEHVI,0.48,0.14,0.28,0.0,0.0,0.0,0.0,0.0,0.0,0.0,0.0,0.02,0.0,0.04,0.04
5,2,4,1,False,4.025369175296888,0.7676517777242502,1,qEHVI,0.58,0.1,0.26,0.0,0.0,0.0,0.0,0.0,0.0,0.0,0.0,0.0,0.0,0.02,0.04
5,2,4,1,False,4.025369175296888,0.7676517777242502,2,qEHVI,0.54,0.04,0.32,0.0,0.0,0.0,0.0,0.0,0.0,0.0,0.0,0.02,0.0,0.04,0.04
5,2,4,1,False,4.025369175296888,0.7676517777242502,3,qEHVI,0.46,0.02,0.44,0.0,0.04,0.0,0.0,0.0,0.0,0.0,0.0,0.0,0.0,0.04,0.0
5,2,4,1,False,4.025369175296888,0.7676517777242502,4,qUCB,0.52,0.02,0.36,0.04,0.0,0.0,0.0,0.0,0.02,0.0,0.0,0.04,0.0,0.0,0.0
5,3,3,2,False,3.6866570631605184,1.1206008974114017,0,qEHVI,0.48,0.14,0.28,0.0,0.0,0.0,0.0,0.0,0.0,0.0,0.0,0.02,0.0,0.04,0.04
5,3,3,2,False,3.6866570631605184,1.1206008974114017,1,qEHVI,0.58,0.1,0.26,0.0,0.0,0.0,0.0,0.0,0.0,0.0,0.0,0.0,0.0,0.02,0.04
5,3,3,2,False,3.6866570631605184,1.1206008974114017,2,qEHVI,0.54,0.04,0.32,0.0,0.0,0.0,0.0,0.0,0.0,0.0,0.0,0.02,0.0,0.04,0.04
5,3,3,2,False,3.6866570631605184,1.1206008974114017,3,qUCB,0.52,0.02,0.36,0.04,0.0,0.0,0.0,0.0,0.02,0.0,0.0,0.04,0.0,0.0,0.0
5,3,3,2,False,3.6866570631605184,1.1206008974114017,4,qUCB,0.38,0.52,0.0,0.0,0.04,0.0,0.0,0.0,0.04,0.0,0.0,0.02,0.0,0.0,0.0
5,4,2,3,False,3.4085498342409424,0.5256846687704586,0,qEHVI,0.48,0.14,0.28,0.0,0.0,0.0,0.0,0.0,0.0,0.0,0.0,0.02,0.0,0.04,0.04
5,4,2,3,False,3.4085498342409424,0.5256846687704586,1,qEHVI,0.58,0.1,0.26,0.0,0.0,0.0,0.0,0.0,0.0,0.0,0.0,0.0,0.0,0.02,0.04
5,4,2,3,False,3.4085498342409424,0.5256846687704586,2,qUCB,0.52,0.02,0.36,0.04,0.0,0.0,0.0,0.0,0.02,0.0,0.0,0.04,0.0,0.0,0.0
5,4,2,3,False,3.4085498342409424,0.5256846687704586,3,qUCB,0.38,0.52,0.0,0.0,0.04,0.0,0.0,0.0,0.04,0.0,0.0,0.02,0.0,0.0,0.0
5,4,2,3,False,3.4085498342409424,0.5256846687704586,4,qUCB,0.36,0.56,0.0,0.04,0.04,0.0,0.0,0.0,0.0,0.0,0.0,0.0,0.0,0.0,0.0
5,5,1,4,False,3.0113523028454425,1.1969465943986979,0,qEHVI,0.48,0.14,0.28,0.0,0.0,0.0,0.0,0.0,0.0,0.0,0.0,0.02,0.0,0.04,0.04
5,5,1,4,False,3.0113523028454425,1.1969465943986979,1,qUCB,0.5,0.04,0.36,0.02,0.04,0.0,0.0,0.0,0.04,0.0,0.0,0.0,0.0,0.0,0.0
5,5,1,4,False,3.0113523028454425,1.1969465943986979,2,qUCB,0.36,0.56,0.0,0.04,0.04,0.0,0.0,0.0,0.0,0.0,0.0,0.0,0.0,0.0,0.0
5,5,1,4,False,3.0113523028454425,1.1969465943986979,3,qUCB,0.4,0.18,0.34,0.04,0.0,0.0,0.0,0.0,0.04,0.0,0.0,0.0,0.0,0.0,0.0
5,5,1,4,False,3.0113523028454425,1.1969465943986979,4,qUCB,0.56,0.12,0.24,0.04,0.0,0.0,0.0,0.0,0.04,0.0,0.0,0.0,0.0,0.0,0.0
5,6,0,5,True,2.682830866728498,0.8548431987970586,0,qUCB,0.54,0.04,0.32,0.0,0.0,0.0,0.0,0.0,0.0,0.0,0.0,0.02,0.0,0.04,0.04
5,6,0,5,True,2.682830866728498,0.8548431987970586,1,qUCB,0.48,0.14,0.3,0.04,0.0,0.0,0.0,0.0,0.0,0.0,0.0,0.0,0.0,0.02,0.02
5,6,0,5,True,2.682830866728498,0.8548431987970586,2,qUCB,0.36,0.56,0.0,0.04,0.04,0.0,0.0,0.0,0.0,0.0,0.0,0.0,0.0,0.0,0.0
5,6,0,5,True,2.682830866728498,0.8548431987970586,3,qUCB,0.44,0.14,0.32,0.04,0.0,0.0,0.0,0.0,0.04,0.0,0.0,0.0,0.0,0.0,0.02
5,6,0,5,True,2.682830866728498,0.8548431987970586,4,qUCB,0.52,0.38,0.0,0.04,0.0,0.0,0.0,0.0,0.0,0.0,0.0,0.0,0.0,0.04,0.02
6,1,5,0,False,2.722046090732929,1.1485663798977708,0,qEHVI,0.58,0.06,0.28,0.0,0.04,0.0,0.0,0.0,0.02,0.0,0.0,0.02,0.0,0.0,0.0
6,1,5,0,False,2.722046090732929,1.1485663798977708,1,qEHVI,0.52,0.0,0.44,0.0,0.02,0.0,0.0,0.0,0.0,0.0,0.0,0.0,0.0,0.02,0.0
6,1,5,0,False,2.722046090732929,1.1485663798977708,2,qEHVI,0.62,0.0,0.32,0.0,0.0,0.0,0.0,0.0,0.04,0.0,0.0,0.0,0.0,0.0,0.02
6,1,5,0,False,2.722046090732929,1.1485663798977708,3,qEHVI,0.64,0.06,0.26,0.0,0.0,0.0,0.0,0.0,0.04,0.0,0.0,0.0,0.0,0.0,0.0
6,1,5,0,False,2.722046090732929,1.1485663798977708,4,qEHVI,0.66,0.26,0.0,0.0,0.0,0.0,0.0,0.0,0.0,0.0,0.0,0.04,0.0,0.0,0.04
6,2,4,1,False,2.5618633006070297,1.190206809942934,0,qEHVI,0.58,0.06,0.28,0.0,0.04,0.0,0.0,0.0,0.02,0.0,0.0,0.02,0.0,0.0,0.0
6,2,4,1,False,2.5618633006070297,1.190206809942934,1,qEHVI,0.52,0.0,0.44,0.0,0.02,0.0,0.0,0.0,0.0,0.0,0.0,0.0,0.0,0.02,0.0
6,2,4,1,False,2.5618633006070297,1.190206809942934,2,qEHVI,0.62,0.0,0.32,0.0,0.0,0.0,0.0,0.0,0.04,0.0,0.0,0.0,0.0,0.0,0.02
6,2,4,1,False,2.5618633006070297,1.190206809942934,3,qEHVI,0.64,0.06,0.26,0.0,0.0,0.0,0.0,0.0,0.04,0.0,0.0,0.0,0.0,0.0,0.0
6,2,4,1,False,2.5618633006070297,1.190206809942934,4,qUCB,0.46,0.02,0.42,0.04,0.0,0.0,0.0,0.0,0.0,0.0,0.0,0.04,0.0,0.0,0.02
6,3,3,2,False,2.2291946112897563,0.8270672032708166,0,qEHVI,0.58,0.06,0.28,0.0,0.04,0.0,0.0,0.0,0.02,0.0,0.0,0.02,0.0,0.0,0.0
6,3,3,2,False,2.2291946112897563,0.8270672032708166,1,qEHVI,0.52,0.0,0.44,0.0,0.02,0.0,0.0,0.0,0.0,0.0,0.0,0.0,0.0,0.02,0.0
6,3,3,2,False,2.2291946112897563,0.8270672032708166,2,qEHVI,0.62,0.0,0.32,0.0,0.0,0.0,0.0,0.0,0.04,0.0,0.0,0.0,0.0,0.0,0.02
6,3,3,2,False,2.2291946112897563,0.8270672032708166,3,qUCB,0.46,0.02,0.42,0.04,0.0,0.0,0.0,0.0,0.0,0.0,0.0,0.04,0.0,0.0,0.02
6,3,3,2,False,2.2291946112897563,0.8270672032708166,4,qUCB,0.54,0.02,0.34,0.02,0.0,0.0,0.0,0.0,0.0,0.0,0.0,0.04,0.0,0.0,0.04
6,4,2,3,False,2.1152660146075055,0.8770741107248954,0,qEHVI,0.58,0.06,0.28,0.0,0.04,0.0,0.0,0.0,0.02,0.0,0.0,0.02,0.0,0.0,0.0
6,4,2,3,False,2.1152660146075055,0.8770741107248954,1,qEHVI,0.52,0.0,0.44,0.0,0.02,0.0,0.0,0.0,0.0,0.0,0.0,0.0,0.0,0.02,0.0
6,4,2,3,False,2.1152660146075055,0.8770741107248954,2,qUCB,0.52,0.0,0.38,0.04,0.0,0.0,0.0,0.0,0.02,0.0,0.0,0.0,0.0,0.0,0.04
6,4,2,3,False,2.1152660146075055,0.8770741107248954,3,qUCB,0.46,0.46,0.0,0.0,0.0,0.0,0.0,0.0,0.0,0.0,0.0,0.04,0.0,0.0,0.04
6,4,2,3,False,2.1152660146075055,0.8770741107248954,4,qUCB,0.54,0.02,0.34,0.02,0.0,0.0,0.0,0.0,0.0,0.0,0.0,0.04,0.0,0.0,0.04
6,5,1,4,False,1.6673218509258312,1.1983830837278768,0,qEHVI,0.58,0.06,0.28,0.0,0.04,0.0,0.0,0.0,0.02,0.0,0.0,0.02,0.0,0.0,0.0
6,5,1,4,False,1.6673218509258312,1.1983830837278768,1,qUCB,0.54,0.0,0.38,0.04,0.0,0.0,0.0,0.0,0.0,0.0,0.0,0.0,0.0,0.04,0.0
6,5,1,4,False,1.6673218509258312,1.1983830837278768,2,qUCB,0.5,0.0,0.42,0.04,0.0,0.0,0.0,0.0,0.0,0.0,0.0,0.0,0.0,0.0,0.04
6,5,1,4,False,1.6673218509258312,1.1983830837278768,3,qUCB,0.62,0.0,0.28,0.04,0.0,0.0,0.0,0.0,0.0,0.0,0.0,0.0,0.0,0.04,0.02
6,5,1,4,False,1.6673218509258312,1.1983830837278768,4,qUCB,0.54,0.04,0.32,0.02,0.0,0.0,0.0,0.0,0.0,0.0,0.0,0.0,0.0,0.04,0.04
6,6,0,5,True,1.9407903621565654,0.7595160982188149,0,qUCB,0.62,0.02,0.36,0.0,0.0,0.0,0.0,0.0,0.0,0.0,0.0,0.0,0.0,0.0,0.0
6,6,0,5,True,1.9407903621565654,0.7595160982188149,1,qUCB,0.48,0.0,0.44,0.0,0.04,0.0,0.0,0.0,0.04,0.0,0.0,0.0,0.0,0.0,0.0
6,6,0,5,True,1.9407903621565654,0.7595160982188149,2,qUCB,0.62,0.0,0.32,0.0,0.0,0.0,0.0,0.0,0.04,0.0,0.0,0.0,0.0,0.0,0.02
6,6,0,5,True,1.9407903621565654,0.7595160982188149,3,qUCB,0.54,0.0,0.38,0.04,0.0,0.0,0.0,0.0,0.0,0.0,0.0,0.0,0.0,0.04,0.0
6,6,0,5,True,1.9407903621565654,0.7595160982188149,4,qUCB,0.5,0.0,0.44,0.04,0.0,0.0,0.0,0.0,0.0,0.0,0.0,0.0,0.0,0.0,0.02
7,1,5,0,False,2.0089006492593375,1.3311777820452537,0,qEHVI,0.66,0.0,0.28,0.0,0.04,0.0,0.0,0.0,0.02,0.0,0.0,0.0,0.0,0.0,0.0
7,1,5,0,False,2.0089006492593375,1.3311777820452537,1,qEHVI,0.68,0.0,0.24,0.0,0.04,0.0,0.0,0.0,0.04,0.0,0.0,0.0,0.0,0.0,0.0
7,1,5,0,False,2.0089006492593375,1.3311777820452537,2,qEHVI,0.48,0.0,0.44,0.0,0.02,0.0,0.0,0.0,0.04,0.0,0.0,0.0,0.0,0.0,0.02
7,1,5,0,False,2.0089006492593375,1.3311777820452537,3,qEHVI,0.78,0.12,0.0,0.0,0.0,0.0,0.0,0.0,0.04,0.0,0.0,0.02,0.0,0.0,0.04
7,1,5,0,False,2.0089006492593375,1.3311777820452537,4,qEHVI,0.62,0.0,0.3,0.0,0.0,0.0,0.0,0.0,0.04,0.0,0.0,0.04,0.0,0.0,0.0
7,2,4,1,False,1.8996395727178998,0.5546822640670959,0,qEHVI,0.66,0.0,0.28,0.0,0.04,0.0,0.0,0.0,0.02,0.0,0.0,0.0,0.0,0.0,0.0
7,2,4,1,False,1.8996395727178998,0.5546822640670959,1,qEHVI,0.48,0.0,0.44,0.0,0.02,0.0,0.0,0.0,0.04,0.0,0.0,0.0,0.0,0.0,0.02
7,2,4,1,False,1.8996395727178998,0.5546822640670959,2,qEHVI,0.68,0.0,0.24,0.0,0.04,0.0,0.0,0.0,0.04,0.0,0.0,0.0,0.0,0.0,0.0
7,2,4,1,False,1.8996395727178998,0.5546822640670959,3,qEHVI,0.78,0.12,0.0,0.0,0.0,0.0,0.0,0.0,0.04,0.0,0.0,0.02,0.0,0.0,0.04
7,2,4,1,False,1.8996395727178998,0.5546822640670959,4,qUCB,0.56,0.02,0.32,0.04,0.0,0.0,0.0,0.0,0.0,0.0,0.0,0.02,0.0,0.04,0.0
7,3,3,2,False,1.788284548226676,0.7353666806045807,0,qEHVI,0.66,0.0,0.28,0.0,0.04,0.0,0.0,0.0,0.02,0.0,0.0,0.0,0.0,0.0,0.0
7,3,3,2,False,1.788284548226676,0.7353666806045807,1,qEHVI,0.48,0.0,0.44,0.0,0.02,0.0,0.0,0.0,0.04,0.0,0.0,0.0,0.0,0.0,0.02
7,3,3,2,False,1.788284548226676,0.7353666806045807,2,qEHVI,0.58,0.16,0.24,0.0,0.0,0.0,0.0,0.0,0.0,0.0,0.0,0.0,0.0,0.0,0.02
7,3,3,2,False,1.788284548226676,0.7353666806045807,3,qUCB,0.48,0.0,0.42,0.0,0.02,0.0,0.0,0.0,0.0,0.0,0.0,0.04,0.0,0.04,0.0
7,3,3,2,False,1.788284548226676,0.7353666806045807,4,qUCB,0.56,0.02,0.32,0.04,0.0,0.0,0.0,0.0,0.0,0.0,0.0,0.02,0.0,0.04,0.0
7,4,2,3,False,1.431753734394635,0.5960002472560975,0,qEHVI,0.66,0.0,0.28,0.0,0.04,0.0,0.0,0.0,0.02,0.0,0.0,0.0,0.0,0.0,0.0
7,4,2,3,False,1.431753734394635,0.5960002472560975,1,qEHVI,0.48,0.0,0.44,0.0,0.02,0.0,0.0,0.0,0.04,0.0,0.0,0.0,0.0,0.0,0.02
7,4,2,3,False,1.431753734394635,0.5960002472560975,2,qUCB,0.56,0.02,0.32,0.04,0.0,0.0,0.0,0.0,0.0,0.0,0.0,0.02,0.0,0.04,0.0
7,4,2,3,False,1.431753734394635,0.5960002472560975,3,qUCB,0.44,0.0,0.46,0.02,0.0,0.0,0.0,0.0,0.0,0.0,0.0,0.04,0.0,0.04,0.0
7,4,2,3,False,1.431753734394635,0.5960002472560975,4,qUCB,0.24,0.66,0.0,0.0,0.0,0.0,0.0,0.0,0.0,0.0,0.0,0.04,0.0,0.04,0.02
7,5,1,4,False,1.142048950550946,0.5167049113740472,0,qEHVI,0.66,0.0,0.28,0.0,0.04,0.0,0.0,0.0,0.02,0.0,0.0,0.0,0.0,0.0,0.0
7,5,1,4,False,1.142048950550946,0.5167049113740472,1,qUCB,0.56,0.02,0.32,0.04,0.0,0.0,0.0,0.0,0.0,0.0,0.0,0.02,0.0,0.04,0.0
7,5,1,4,False,1.142048950550946,0.5167049113740472,2,qUCB,0.24,0.66,0.0,0.0,0.0,0.0,0.0,0.0,0.0,0.0,0.0,0.04,0.0,0.04,0.02
7,5,1,4,False,1.142048950550946,0.5167049113740472,3,qUCB,0.46,0.0,0.44,0.04,0.0,0.0,0.0,0.0,0.0,0.0,0.0,0.02,0.0,0.0,0.04
7,5,1,4,False,1.142048950550946,0.5167049113740472,4,qUCB,0.04,0.86,0.0,0.02,0.0,0.0,0.0,0.0,0.0,0.0,0.0,0.0,0.0,0.04,0.04
7,6,0,5,True,0.9680565790959378,0.5794241266384397,0,qUCB,0.6,0.0,0.36,0.0,0.0,0.0,0.0,0.0,0.02,0.0,0.0,0.0,0.0,0.02,0.0
7,6,0,5,True,0.9680565790959378,0.5794241266384397,1,qUCB,0.6,0.0,0.3,0.0,0.04,0.0,0.0,0.0,0.04,0.0,0.0,0.0,0.0,0.02,0.0
7,6,0,5,True,0.9680565790959378,0.5794241266384397,2,qUCB,0.64,0.0,0.34,0.0,0.0,0.0,0.0,0.0,0.0,0.0,0.0,0.02,0.0,0.0,0.0
7,6,0,5,True,0.9680565790959378,0.5794241266384397,3,qUCB,0.52,0.0,0.42,0.0,0.0,0.0,0.0,0.0,0.02,0.0,0.0,0.04,0.0,0.0,0.0
7,6,0,5,True,0.9680565790959378,0.5794241266384397,4,qUCB,0.56,0.0,0.36,0.0,0.0,0.0,0.0,0.0,0.02,0.0,0.0,0.0,0.0,0.02,0.04
8,1,5,0,False,1.6642050477609829,0.7719971043326801,0,qEHVI,0.64,0.04,0.28,0.0,0.02,0.0,0.0,0.0,0.02,0.0,0.0,0.0,0.0,0.0,0.0
8,1,5,0,False,1.6642050477609829,0.7719971043326801,1,qEHVI,0.5,0.0,0.44,0.0,0.0,0.0,0.0,0.0,0.0,0.0,0.0,0.0,0.0,0.02,0.04
8,1,5,0,False,1.6642050477609829,0.7719971043326801,2,qEHVI,0.74,0.16,0.0,0.0,0.0,0.0,0.0,0.0,0.04,0.0,0.0,0.02,0.0,0.0,0.04
8,1,5,0,False,1.6642050477609829,0.7719971043326801,3,qEHVI,0.58,0.08,0.24,0.0,0.04,0.0,0.0,0.0,0.04,0.0,0.0,0.02,0.0,0.0,0.0
8,1,5,0,False,1.6642050477609829,0.7719971043326801,4,qEHVI,0.66,0.02,0.3,0.0,0.0,0.0,0.0,0.0,0.0,0.0,0.0,0.0,0.0,0.0,0.02
8,2,4,1,False,1.4839744691760095,0.6061940606732783,0,qEHVI,0.64,0.04,0.28,0.0,0.02,0.0,0.0,0.0,0.02,0.0,0.0,0.0,0.0,0.0,0.0
8,2,4,1,False,1.4839744691760095,0.6061940606732783,1,qEHVI,0.5,0.0,0.44,0.0,0.0,0.0,0.0,0.0,0.0,0.0,0.0,0.0,0.0,0.02,0.04
8,2,4,1,False,1.4839744691760095,0.6061940606732783,2,qEHVI,0.58,0.08,0.24,0.0,0.04,0.0,0.0,0.0,0.04,0.0,0.0,0.02,0.0,0.0,0.0
8,2,4,1,False,1.4839744691760095,0.6061940606732783,3,qEHVI,0.74,0.16,0.0,0.0,0.0,0.0,0.0,0.0,0.04,0.0,0.0,0.02,0.0,0.0,0.04
8,2,4,1,False,1.4839744691760095,0.6061940606732783,4,qUCB,0.52,0.0,0.38,0.04,0.0,0.0,0.0,0.0,0.0,0.0,0.0,0.04,0.0,0.02,0.0
8,3,3,2,False,1.3148354523657206,0.7850208949094242,0,qEHVI,0.64,0.04,0.28,0.0,0.02,0.0,0.0,0.0,0.02,0.0,0.0,0.0,0.0,0.0,0.0
8,3,3,2,False,1.3148354523657206,0.7850208949094242,1,qEHVI,0.5,0.0,0.44,0.0,0.0,0.0,0.0,0.0,0.0,0.0,0.0,0.0,0.0,0.02,0.04
8,3,3,2,False,1.3148354523657206,0.7850208949094242,2,qEHVI,0.74,0.16,0.0,0.0,0.0,0.0,0.0,0.0,0.04,0.0,0.0,0.02,0.0,0.0,0.04
8,3,3,2,False,1.3148354523657206,0.7850208949094242,3,qUCB,0.52,0.0,0.38,0.04,0.0,0.0,0.0,0.0,0.0,0.0,0.0,0.04,0.0,0.02,0.0
8,3,3,2,False,1.3148354523657206,0.7850208949094242,4,qUCB,0.3,0.62,0.0,0.0,0.0,0.0,0.0,0.0,0.0,0.0,0.0,0.04,0.0,0.04,0.0
8,4,2,3,False,1.100415048551543,0.685535068488468,0,qEHVI,0.64,0.04,0.28,0.0,0.02,0.0,0.0,0.0,0.02,0.0,0.0,0.0,0.0,0.0,0.0
8,4,2,3,False,1.100415048551543,0.685535068488468,1,qEHVI,0.5,0.0,0.44,0.0,0.0,0.0,0.0,0.0,0.0,0.0,0.0,0.0,0.0,0.02,0.04
8,4,2,3,False,1.100415048551543,0.685535068488468,2,qUCB,0.52,0.0,0.38,0.04,0.0,0.0,0.0,0.0,0.0,0.0,0.0,0.04,0.0,0.02,0.0
8,4,2,3,False,1.100415048551543,0.685535068488468,3,qUCB,0.3,0.62,0.0,0.0,0.0,0.0,0.0,0.0,0.0,0.0,0.0,0.04,0.0,0.04,0.0
8,4,2,3,False,1.100415048551543,0.685535068488468,4,qUCB,0.54,0.02,0.34,0.04,0.0,0.0,0.0,0.0,0.0,0.0,0.0,0.04,0.0,0.0,0.02
8,5,1,4,False,0.7580455687610468,0.7102429851690255,0,qEHVI,0.64,0.04,0.28,0.0,0.02,0.0,0.0,0.0,0.02,0.0,0.0,0.0,0.0,0.0,0.0
8,5,1,4,False,0.7580455687610468,0.7102429851690255,1,qUCB,0.52,0.0,0.38,0.04,0.0,0.0,0.0,0.0,0.0,0.0,0.0,0.04,0.0,0.02,0.0
8,5,1,4,False,0.7580455687610468,0.7102429851690255,2,qUCB,0.36,0.54,0.0,0.0,0.0,0.0,0.0,0.0,0.0,0.0,0.0,0.04,0.0,0.02,0.04
8,5,1,4,False,0.7580455687610468,0.7102429851690255,3,qUCB,0.62,0.0,0.28,0.04,0.0,0.0,0.0,0.0,0.0,0.0,0.0,0.02,0.0,0.0,0.04
8,5,1,4,False,0.7580455687610468,0.7102429851690255,4,qUCB,0.08,0.8,0.02,0.0,0.0,0.0,0.0,0.0,0.0,0.0,0.0,0.04,0.0,0.04,0.02
8,6,0,5,True,0.7919652609201505,0.3531861352616499,0,qUCB,0.58,0.0,0.4,0.0,0.0,0.0,0.0,0.0,0.02,0.0,0.0,0.0,0.0,0.0,0.0
8,6,0,5,True,0.7919652609201505,0.3531861352616499,1,qUCB,0.58,0.0,0.38,0.04,0.0,0.0,0.0,0.0,0.0,0.0,0.0,0.0,0.0,0.0,0.0
8,6,0,5,True,0.7919652609201505,0.3531861352616499,2,qUCB,0.56,0.0,0.34,0.0,0.0,0.0,0.0,0.0,0.02,0.0,0.0,0.04,0.0,0.0,0.04
8,6,0,5,True,0.7919652609201505,0.3531861352616499,3,qUCB,0.46,0.0,0.46,0.04,0.04,0.0,0.0,0.0,0.0,0.0,0.0,0.0,0.0,0.0,0.0
8,6,0,5,True,0.7919652609201505,0.3531861352616499,4,qUCB,0.5,0.0,0.44,0.0,0.0,0.0,0.0,0.0,0.0,0.0,0.0,0.0,0.0,0.02,0.04
9,1,5,0,False,7.859613402451534,0.8705254317093223,0,qEHVI,0.42,0.12,0.36,0.0,0.0,0.0,0.0,0.0,0.04,0.0,0.0,0.04,0.0,0.0,0.02
9,1,5,0,False,7.859613402451534,0.8705254317093223,1,qEHVI,0.36,0.26,0.32,0.0,0.0,0.0,0.0,0.0,0.04,0.0,0.0,0.0,0.0,0.02,0.0
9,1,5,0,False,7.859613402451534,0.8705254317093223,2,qEHVI,0.72,0.18,0.0,0.0,0.02,0.0,0.0,0.0,0.04,0.0,0.0,0.0,0.0,0.02,0.02
9,1,5,0,False,7.859613402451534,0.8705254317093223,3,qEHVI,0.38,0.1,0.42,0.0,0.02,0.0,0.0,0.0,0.04,0.0,0.0,0.0,0.0,0.04,0.0
9,1,5,0,False,7.859613402451534,0.8705254317093223,4,qEHVI,0.24,0.72,0.0,0.0,0.02,0.0,0.0,0.0,0.0,0.0,0.0,0.0,0.0,0.02,0.0
9,2,4,1,False,7.761895762014454,0.3637857371389659,0,qEHVI,0.42,0.12,0.36,0.0,0.0,0.0,0.0,0.0,0.04,0.0,0.0,0.04,0.0,0.0,0.02
9,2,4,1,False,7.761895762014454,0.3637857371389659,1,qEHVI,0.36,0.26,0.32,0.0,0.0,0.0,0.0,0.0,0.04,0.0,0.0,0.0,0.0,0.02,0.0
9,2,4,1,False,7.761895762014454,0.3637857371389659,2,qEHVI,0.38,0.1,0.42,0.0,0.02,0.0,0.0,0.0,0.04,0.0,0.0,0.0,0.0,0.04,0.0
9,2,4,1,False,7.761895762014454,0.3637857371389659,3,qEHVI,0.7000000000000001,0.2,0.0,0.0,0.02,0.0,0.0,0.0,0.04,0.0,0.0,0.0,0.0,0.04,0.0
9,2,4,1,False,7.761895762014454,0.3637857371389659,4,qUCB,0.26,0.64,0.0,0.0,0.04,0.0,0.0,0.0,0.0,0.0,0.0,0.0,0.0,0.02,0.04
9,3,3,2,False,7.020014842272352,0.7238387477225992,0,qEHVI,0.42,0.12,0.36,0.0,0.0,0.0,0.0,0.0,0.04,0.0,0.0,0.04,0.0,0.0,0.02
9,3,3,2,False,7.020014842272352,0.7238387477225992,1,qEHVI,0.36,0.3,0.24,0.0,0.02,0.0,0.0,0.0,0.04,0.0,0.0,0.0,0.0,0.02,0.02
9,3,3,2,False,7.020014842272352,0.7238387477225992,2,qEHVI,0.38,0.1,0.42,0.0,0.02,0.0,0.0,0.0,0.04,0.0,0.0,0.0,0.0,0.04,0.0
9,3,3,2,False,7.020014842272352,0.7238387477225992,3,qUCB,0.74,0.2,0.0,0.04,0.02,0.0,0.0,0.0,0.0,0.0,0.0,0.0,0.0,0.0,0.0
9,3,3,2,False,7.020014842272352,0.7238387477225992,4,qUCB,0.16,0.76,0.0,0.04,0.0,0.0,0.0,0.0,0.0,0.0,0.0,0.02,0.0,0.0,0.02
9,4,2,3,False,6.3542444178574415,0.5318408374336538,0,qEHVI,0.42,0.12,0.36,0.0,0.0,0.0,0.0,0.0,0.04,0.0,0.0,0.04,0.0,0.0,0.02
9,4,2,3,False,6.3542444178574415,0.5318408374336538,1,qEHVI,0.36,0.26,0.32,0.0,0.0,0.0,0.0,0.0,0.04,0.0,0.0,0.0,0.0,0.02,0.0
9,4,2,3,False,6.3542444178574415,0.5318408374336538,2,qUCB,0.26,0.64,0.0,0.0,0.04,0.0,0.0,0.0,0.0,0.0,0.0,0.0,0.0,0.02,0.04
9,4,2,3,False,6.3542444178574415,0.5318408374336538,3,qUCB,0.7000000000000001,0.22,0.0,0.04,0.04,0.0,0.0,0.0,0.0,0.0,0.0,0.0,0.0,0.0,0.0
9,4,2,3,False,6.3542444178574415,0.5318408374336538,4,qUCB,0.0,0.74,0.18,0.0,0.04,0.0,0.0,0.0,0.0,0.0,0.0,0.0,0.0,0.0,0.04
9,5,1,4,False,5.3533282581745905,0.7752341082005874,0,qEHVI,0.42,0.12,0.36,0.0,0.0,0.0,0.0,0.0,0.04,0.0,0.0,0.04,0.0,0.0,0.02
9,5,1,4,False,5.3533282581745905,0.7752341082005874,1,qUCB,0.22,0.7000000000000001,0.0,0.02,0.02,0.0,0.0,0.0,0.0,0.0,0.0,0.0,0.0,0.04,0.0
9,5,1,4,False,5.3533282581745905,0.7752341082005874,2,qUCB,0.36,0.18,0.38,0.0,0.04,0.0,0.0,0.0,0.0,0.0,0.0,0.0,0.0,0.04,0.0
9,5,1,4,False,5.3533282581745905,0.7752341082005874,3,qUCB,0.36,0.36,0.18,0.02,0.04,0.0,0.0,0.0,0.0,0.0,0.0,0.0,0.0,0.04,0.0
9,5,1,4,False,5.3533282581745905,0.7752341082005874,4,qUCB,0.0,0.6,0.3,0.04,0.02,0.0,0.0,0.0,0.0,0.0,0.0,0.0,0.0,0.04,0.0
9,6,0,5,True,6.481953610400207,0.5274379474173454,0,qUCB,0.38,0.12,0.4,0.0,0.04,0.0,0.0,0.0,0.04,0.0,0.0,0.0,0.0,0.0,0.02
9,6,0,5,True,6.481953610400207,0.5274379474173454,1,qUCB,0.74,0.16,0.0,0.0,0.02,0.0,0.0,0.0,0.04,0.0,0.0,0.0,0.0,0.0,0.04
9,6,0,5,True,6.481953610400207,0.5274379474173454,2,qUCB,0.2,0.76,0.0,0.0,0.02,0.0,0.0,0.0,0.0,0.0,0.0,0.02,0.0,0.0,0.0
9,6,0,5,True,6.481953610400207,0.5274379474173454,3,qUCB,0.7000000000000001,0.16,0.06,0.0,0.02,0.0,0.0,0.0,0.04,0.0,0.0,0.02,0.0,0.0,0.0
9,6,0,5,True,6.481953610400207,0.5274379474173454,4,qUCB,0.32,0.22,0.36,0.0,0.0,0.0,0.0,0.0,0.04,0.0,0.0,0.02,0.0,0.02,0.02
10,1,5,0,False,1.2036903023469057,0.9686533809623361,0,qEHVI,0.64,0.02,0.3,0.0,0.0,0.0,0.0,0.0,0.02,0.0,0.0,0.02,0.0,0.0,0.0
10,1,5,0,False,1.2036903023469057,0.9686533809623361,1,qEHVI,0.58,0.28,0.04,0.0,0.02,0.0,0.0,0.0,0.02,0.0,0.0,0.02,0.0,0.0,0.04
10,1,5,0,False,1.2036903023469057,0.9686533809623361,2,qEHVI,0.52,0.16,0.26,0.0,0.0,0.0,0.0,0.0,0.04,0.0,0.0,0.02,0.0,0.0,0.0
10,1,5,0,False,1.2036903023469057,0.9686533809623361,3,qEHVI,0.48,0.0,0.42,0.0,0.02,0.0,0.0,0.0,0.02,0.0,0.0,0.0,0.0,0.04,0.02
10,1,5,0,False,1.2036903023469057,0.9686533809623361,4,qEHVI,0.46,0.28,0.16,0.0,0.04,0.0,0.0,0.0,0.02,0.0,0.0,0.0,0.0,0.0,0.04
10,2,4,1,False,1.0808964309192142,0.552573626997166,0,qEHVI,0.64,0.02,0.3,0.0,0.0,0.0,0.0,0.0,0.02,0.0,0.0,0.02,0.0,0.0,0.0
10,2,4,1,False,1.0808964309192142,0.552573626997166,1,qEHVI,0.58,0.28,0.04,0.0,0.02,0.0,0.0,0.0,0.02,0.0,0.0,0.02,0.0,0.0,0.04
10,2,4,1,False,1.0808964309192142,0.552573626997166,2,qEHVI,0.52,0.16,0.26,0.0,0.0,0.0,0.0,0.0,0.04,0.0,0.0,0.02,0.0,0.0,0.0
10,2,4,1,False,1.0808964309192142,0.552573626997166,3,qEHVI,0.48,0.0,0.42,0.0,0.02,0.0,0.0,0.0,0.02,0.0,0.0,0.0,0.0,0.04,0.02
10,2,4,1,False,1.0808964309192142,0.552573626997166,4,qUCB,0.5,0.04,0.38,0.04,0.04,0.0,0.0,0.0,0.0,0.0,0.0,0.0,0.0,0.0,0.0
10,3,3,2,False,0.9815494958915439,0.8265753203222195,0,qEHVI,0.64,0.02,0.3,0.0,0.0,0.0,0.0,0.0,0.02,0.0,0.0,0.02,0.0,0.0,0.0
10,3,3,2,False,0.9815494958915439,0.8265753203222195,1,qEHVI,0.58,0.28,0.04,0.0,0.02,0.0,0.0,0.0,0.02,0.0,0.0,0.02,0.0,0.0,0.04
10,3,3,2,False,0.9815494958915439,0.8265753203222195,2,qEHVI,0.52,0.16,0.26,0.0,0.0,0.0,0.0,0.0,0.04,0.0,0.0,0.02,0.0,0.0,0.0
10,3,3,2,False,0.9815494958915439,0.8265753203222195,3,qUCB,0.48,0.02,0.4,0.02,0.04,0.0,0.0,0.0,0.0,0.0,0.0,0.0,0.0,0.04,0.0
10,3,3,2,False,0.9815494958915439,0.8265753203222195,4,qUCB,0.0,0.38,0.54,0.04,0.0,0.0,0.0,0.0,0.0,0.0,0.0,0.0,0.0,0.04,0.0
10,4,2,3,False,0.8042508800930974,0.45304753884859417,0,qEHVI,0.64,0.02,0.3,0.0,0.0,0.0,0.0,0.0,0.02,0.0,0.0,0.02,0.0,0.0,0.0
10,4,2,3,False,0.8042508800930974,0.45304753884859417,1,qEHVI,0.58,0.28,0.04,0.0,0.02,0.0,0.0,0.0,0.02,0.0,0.0,0.02,0.0,0.0,0.04
10,4,2,3,False,0.8042508800930974,0.45304753884859417,2,qUCB,0.48,0.02,0.4,0.02,0.04,0.0,0.0,0.0,0.0,0.0,0.0,0.0,0.0,0.04,0.0
10,4,2,3,False,0.8042508800930974,0.45304753884859417,3,qUCB,0.0,0.38,0.54,0.04,0.0,0.0,0.0,0.0,0.0,0.0,0.0,0.0,0.0,0.04,0.0
10,4,2,3,False,0.8042508800930974,0.45304753884859417,4,qUCB,0.32,0.14,0.44,0.04,0.0,0.0,0.0,0.0,0.0,0.0,0.0,0.0,0.0,0.04,0.02
10,5,1,4,False,0.63523844878008,0.4086127305684699,0,qEHVI,0.64,0.02,0.3,0.0,0.0,0.0,0.0,0.0,0.02,0.0,0.0,0.02,0.0,0.0,0.0
10,5,1,4,False,0.63523844878008,0.4086127305684699,1,qUCB,0.44,0.04,0.42,0.0,0.04,0.0,0.0,0.0,0.0,0.0,0.0,0.0,0.0,0.02,0.04
10,5,1,4,False,0.63523844878008,0.4086127305684699,2,qUCB,0.42,0.4,0.08,0.0,0.04,0.0,0.0,0.0,0.0,0.0,0.0,0.0,0.0,0.02,0.04
10,5,1,4,False,0.63523844878008,0.4086127305684699,3,qUCB,0.0,0.38,0.54,0.04,0.0,0.0,0.0,0.0,0.0,0.0,0.0,0.0,0.0,0.04,0.0
10,5,1,4,False,0.63523844878008,0.4086127305684699,4,qUCB,0.0,0.84,0.06,0.04,0.0,0.0,0.0,0.0,0.0,0.0,0.0,0.0,0.0,0.02,0.04
10,6,0,5,True,0.35749189690056554,0.42085030844577065,0,qUCB,0.48,0.04,0.38,0.0,0.04,0.0,0.0,0.0,0.02,0.0,0.0,0.0,0.0,0.0,0.04
10,6,0,5,True,0.35749189690056554,0.42085030844577065,1,qUCB,0.44,0.06,0.4,0.0,0.0,0.0,0.0,0.0,0.04,0.0,0.0,0.0,0.0,0.04,0.02
10,6,0,5,True,0.35749189690056554,0.42085030844577065,2,qUCB,0.0,0.4,0.58,0.0,0.0,0.0,0.0,0.0,0.02,0.0,0.0,0.0,0.0,0.0,0.0
10,6,0,5,True,0.35749189690056554,0.42085030844577065,3,qUCB,0.4,0.4,0.1,0.0,0.04,0.0,0.0,0.0,0.02,0.0,0.0,0.0,0.0,0.0,0.04
10,6,0,5,True,0.35749189690056554,0.42085030844577065,4,qUCB,0.44,0.08,0.38,0.0,0.02,0.0,0.0,0.0,0.04,0.0,0.0,0.04,0.0,0.0,0.0
11,1,5,0,False,1.346072067220218,0.39954655587900234,0,qEHVI,0.56,0.1,0.28,0.0,0.02,0.0,0.0,0.0,0.04,0.0,0.0,0.0,0.0,0.0,0.0
11,1,5,0,False,1.346072067220218,0.39954655587900234,1,qEHVI,0.58,0.32,0.0,0.0,0.02,0.0,0.0,0.0,0.04,0.0,0.0,0.0,0.0,0.0,0.04
11,1,5,0,False,1.346072067220218,0.39954655587900234,2,qEHVI,0.3,0.18,0.42,0.0,0.0,0.0,0.0,0.0,0.04,0.0,0.0,0.02,0.0,0.04,0.0
11,1,5,0,False,1.346072067220218,0.39954655587900234,3,qEHVI,0.58,0.06,0.3,0.0,0.04,0.0,0.0,0.0,0.02,0.0,0.0,0.0,0.0,0.0,0.0
11,1,5,0,False,1.346072067220218,0.39954655587900234,4,qEHVI,0.48,0.0,0.42,0.02,0.0,0.0,0.0,0.0,0.02,0.0,0.0,0.02,0.0,0.0,0.04
11,2,4,1,False,1.1821780891826466,0.3554331754474793,0,qEHVI,0.56,0.1,0.28,0.0,0.02,0.0,0.0,0.0,0.04,0.0,0.0,0.0,0.0,0.0,0.0
11,2,4,1,False,1.1821780891826466,0.3554331754474793,1,qEHVI,0.58,0.32,0.0,0.0,0.02,0.0,0.0,0.0,0.04,0.0,0.0,0.0,0.0,0.0,0.04
11,2,4,1,False,1.1821780891826466,0.3554331754474793,2,qEHVI,0.3,0.18,0.42,0.0,0.0,0.0,0.0,0.0,0.04,0.0,0.0,0.02,0.0,0.04,0.0
11,2,4,1,False,1.1821780891826466,0.3554331754474793,3,qEHVI,0.58,0.06,0.3,0.0,0.04,0.0,0.0,0.0,0.02,0.0,0.0,0.0,0.0,0.0,0.0
11,2,4,1,False,1.1821780891826466,0.3554331754474793,4,qUCB,0.48,0.04,0.38,0.04,0.0,0.0,0.0,0.0,0.0,0.0,0.0,0.04,0.0,0.0,0.02
11,3,3,2,False,1.048826356572725,0.4374334827035593,0,qEHVI,0.56,0.1,0.28,0.0,0.02,0.0,0.0,0.0,0.04,0.0,0.0,0.0,0.0,0.0,0.0
11,3,3,2,False,1.048826356572725,0.4374334827035593,1,qEHVI,0.58,0.32,0.0,0.0,0.02,0.0,0.0,0.0,0.04,0.0,0.0,0.0,0.0,0.0,0.04
11,3,3,2,False,1.048826356572725,0.4374334827035593,2,qEHVI,0.3,0.18,0.42,0.0,0.0,0.0,0.0,0.0,0.04,0.0,0.0,0.02,0.0,0.04,0.0
11,3,3,2,False,1.048826356572725,0.4374334827035593,3,qUCB,0.48,0.04,0.38,0.04,0.0,0.0,0.0,0.0,0.0,0.0,0.0,0.04,0.0,0.0,0.02
11,3,3,2,False,1.048826356572725,0.4374334827035593,4,qUCB,0.34,0.16,0.42,0.04,0.0,0.0,0.0,0.0,0.0,0.0,0.0,0.04,0.0,0.0,0.0
11,4,2,3,False,0.9312664537751674,0.2733433730367345,0,qEHVI,0.56,0.1,0.28,0.0,0.02,0.0,0.0,0.0,0.04,0.0,0.0,0.0,0.0,0.0,0.0
11,4,2,3,False,0.9312664537751674,0.2733433730367345,1,qEHVI,0.58,0.32,0.0,0.0,0.02,0.0,0.0,0.0,0.04,0.0,0.0,0.0,0.0,0.0,0.04
11,4,2,3,False,0.9312664537751674,0.2733433730367345,2,qUCB,0.48,0.04,0.38,0.04,0.0,0.0,0.0,0.0,0.0,0.0,0.0,0.04,0.0,0.0,0.02
11,4,2,3,False,0.9312664537751674,0.2733433730367345,3,qUCB,0.28,0.14,0.48,0.04,0.0,0.0,0.0,0.0,0.0,0.0,0.0,0.0,0.0,0.04,0.02
11,4,2,3,False,0.9312664537751674,0.2733433730367345,4,qUCB,0.34,0.16,0.42,0.04,0.0,0.0,0.0,0.0,0.0,0.0,0.0,0.04,0.0,0.0,0.0
11,5,1,4,False,0.6806227254051457,0.36437682097705615,0,qEHVI,0.56,0.1,0.28,0.0,0.02,0.0,0.0,0.0,0.04,0.0,0.0,0.0,0.0,0.0,0.0
11,5,1,4,False,0.6806227254051457,0.36437682097705615,1,qUCB,0.48,0.04,0.38,0.04,0.0,0.0,0.0,0.0,0.0,0.0,0.0,0.04,0.0,0.0,0.02
11,5,1,4,False,0.6806227254051457,0.36437682097705615,2,qUCB,0.28,0.14,0.48,0.04,0.0,0.0,0.0,0.0,0.0,0.0,0.0,0.0,0.0,0.04,0.02
11,5,1,4,False,0.6806227254051457,0.36437682097705615,3,qUCB,0.0,0.8,0.1,0.02,0.0,0.0,0.0,0.0,0.0,0.0,0.0,0.04,0.0,0.0,0.04
11,5,1,4,False,0.6806227254051457,0.36437682097705615,4,qUCB,0.34,0.16,0.42,0.04,0.0,0.0,0.0,0.0,0.0,0.0,0.0,0.04,0.0,0.0,0.0
11,6,0,5,True,0.40408695539066886,0.4834118103397733,0,qUCB,0.42,0.1,0.4,0.0,0.0,0.0,0.0,0.0,0.04,0.0,0.0,0.0,0.0,0.02,0.02
11,6,0,5,True,0.40408695539066886,0.4834118103397733,1,qUCB,0.4,0.1,0.4,0.04,0.0,0.0,0.0,0.0,0.04,0.0,0.0,0.0,0.0,0.02,0.0
11,6,0,5,True,0.40408695539066886,0.4834118103397733,2,qUCB,0.42,0.1,0.38,0.0,0.04,0.0,0.0,0.0,0.0,0.0,0.0,0.02,0.0,0.04,0.0
11,6,0,5,True,0.40408695539066886,0.4834118103397733,3,qUCB,0.3,0.14,0.46,0.04,0.0,0.0,0.0,0.0,0.04,0.0,0.0,0.02,0.0,0.0,0.0
11,6,0,5,True,0.40408695539066886,0.4834118103397733,4,qUCB,0.34,0.1,0.46,0.04,0.02,0.0,0.0,0.0,0.0,0.0,0.0,0.0,0.0,0.0,0.04
12,1,5,0,False,4.338295680274376,0.40484824289109156,0,qEHVI,0.42,0.14,0.36,0.04,0.0,0.0,0.0,0.0,0.0,0.0,0.0,0.02,0.0,0.0,0.02
12,1,5,0,False,4.338295680274376,0.40484824289109156,1,qEHVI,0.68,0.1,0.14,0.0,0.02,0.0,0.0,0.0,0.02,0.0,0.0,0.0,0.0,0.0,0.04
12,1,5,0,False,4.338295680274376,0.40484824289109156,2,qEHVI,0.64,0.28,0.08,0.0,0.0,0.0,0.0,0.0,0.0,0.0,0.0,0.0,0.0,0.0,0.0
12,1,5,0,False,4.338295680274376,0.40484824289109156,3,qEHVI,0.36,0.36,0.22,0.0,0.0,0.0,0.0,0.0,0.0,0.0,0.0,0.0,0.0,0.02,0.04
12,1,5,0,False,4.338295680274376,0.40484824289109156,4,qEHVI,0.42,0.14,0.34,0.0,0.02,0.0,0.0,0.0,0.04,0.0,0.0,0.0,0.0,0.04,0.0
12,2,4,1,False,4.176396300638946,0.3668427300187389,0,qEHVI,0.42,0.14,0.36,0.04,0.0,0.0,0.0,0.0,0.0,0.0,0.0,0.02,0.0,0.0,0.02
12,2,4,1,False,4.176396300638946,0.3668427300187389,1,qEHVI,0.68,0.1,0.14,0.0,0.02,0.0,0.0,0.0,0.02,0.0,0.0,0.0,0.0,0.0,0.04
12,2,4,1,False,4.176396300638946,0.3668427300187389,2,qEHVI,0.64,0.28,0.08,0.0,0.0,0.0,0.0,0.0,0.0,0.0,0.0,0.0,0.0,0.0,0.0
12,2,4,1,False,4.176396300638946,0.3668427300187389,3,qEHVI,0.36,0.36,0.22,0.0,0.0,0.0,0.0,0.0,0.0,0.0,0.0,0.0,0.0,0.02,0.04
12,2,4,1,False,4.176396300638946,0.3668427300187389,4,qUCB,0.42,0.14,0.34,0.0,0.02,0.0,0.0,0.0,0.04,0.0,0.0,0.0,0.0,0.04,0.0
12,3,3,2,False,3.896736979914569,0.7476145914763315,0,qEHVI,0.42,0.14,0.36,0.04,0.0,0.0,0.0,0.0,0.0,0.0,0.0,0.02,0.0,0.0,0.02
12,3,3,2,False,3.896736979914569,0.7476145914763315,1,qEHVI,0.68,0.1,0.14,0.0,0.02,0.0,0.0,0.0,0.02,0.0,0.0,0.0,0.0,0.0,0.04
12,3,3,2,False,3.896736979914569,0.7476145914763315,2,qEHVI,0.64,0.28,0.08,0.0,0.0,0.0,0.0,0.0,0.0,0.0,0.0,0.0,0.0,0.0,0.0
12,3,3,2,False,3.896736979914569,0.7476145914763315,3,qUCB,0.42,0.14,0.34,0.0,0.02,0.0,0.0,0.0,0.04,0.0,0.0,0.0,0.0,0.04,0.0
12,3,3,2,False,3.896736979914569,0.7476145914763315,4,qUCB,0.02,0.04,0.84,0.0,0.0,0.0,0.0,0.0,0.04,0.0,0.0,0.02,0.0,0.04,0.0
12,4,2,3,False,3.679681545697153,0.21191725552733232,0,qEHVI,0.42,0.14,0.36,0.04,0.0,0.0,0.0,0.0,0.0,0.0,0.0,0.02,0.0,0.0,0.02
12,4,2,3,False,3.679681545697153,0.21191725552733232,1,qEHVI,0.68,0.1,0.14,0.0,0.02,0.0,0.0,0.0,0.02,0.0,0.0,0.0,0.0,0.0,0.04
12,4,2,3,False,3.679681545697153,0.21191725552733232,2,qUCB,0.54,0.26,0.1,0.0,0.0,0.0,0.0,0.0,0.02,0.0,0.0,0.04,0.0,0.04,0.0
12,4,2,3,False,3.679681545697153,0.21191725552733232,3,qUCB,0.0,0.68,0.26,0.0,0.02,0.0,0.0,0.0,0.0,0.0,0.0,0.0,0.0,0.04,0.0
12,4,2,3,False,3.679681545697153,0.21191725552733232,4,qUCB,0.02,0.04,0.84,0.0,0.0,0.0,0.0,0.0,0.04,0.0,0.0,0.02,0.0,0.04,0.0
12,5,1,4,False,3.8026106193619524,0.24652975624526619,0,qEHVI,0.42,0.14,0.36,0.04,0.0,0.0,0.0,0.0,0.0,0.0,0.0,0.02,0.0,0.0,0.02
12,5,1,4,False,3.8026106193619524,0.24652975624526619,1,qUCB,0.42,0.14,0.34,0.0,0.02,0.0,0.0,0.0,0.04,0.0,0.0,0.0,0.0,0.04,0.0
12,5,1,4,False,3.8026106193619524,0.24652975624526619,2,qUCB,0.0,0.64,0.26,0.0,0.04,0.0,0.0,0.0,0.04,0.0,0.0,0.0,0.0,0.02,0.0
12,5,1,4,False,3.8026106193619524,0.24652975624526619,3,qUCB,0.26,0.44,0.22,0.0,0.04,0.0,0.0,0.0,0.0,0.0,0.0,0.0,0.0,0.04,0.0
12,5,1,4,False,3.8026106193619524,0.24652975624526619,4,qUCB,0.76,0.02,0.14,0.0,0.04,0.0,0.0,0.0,0.04,0.0,0.0,0.0,0.0,0.0,0.0
12,6,0,5,True,3.981007775636158,0.7844337421511227,0,qUCB,0.42,0.14,0.36,0.04,0.0,0.0,0.0,0.0,0.0,0.0,0.0,0.02,0.0,0.0,0.02
12,6,0,5,True,3.981007775636158,0.7844337421511227,1,qUCB,0.28,0.4,0.22,0.0,0.04,0.0,0.0,0.0,0.0,0.0,0.0,0.0,0.0,0.02,0.04
12,6,0,5,True,3.981007775636158,0.7844337421511227,2,qUCB,0.0,0.68,0.26,0.0,0.02,0.0,0.0,0.0,0.0,0.0,0.0,0.0,0.0,0.04,0.0
12,6,0,5,True,3.981007775636158,0.7844337421511227,3,qUCB,0.7000000000000001,0.06,0.14,0.04,0.0,0.0,0.0,0.0,0.02,0.0,0.0,0.02,0.0,0.0,0.02
12,6,0,5,True,3.981007775636158,0.7844337421511227,4,qUCB,0.1,0.56,0.26,0.04,0.02,0.0,0.0,0.0,0.02,0.0,0.0,0.0,0.0,0.0,0.0
13,1,5,0,False,1.6402175791908975,0.4557073103618443,0,qEHVI,0.7000000000000001,0.14,0.1,0.0,0.02,0.0,0.0,0.0,0.04,0.0,0.0,0.0,0.0,0.0,0.0
13,1,5,0,False,1.6402175791908975,0.4557073103618443,1,qEHVI,0.44,0.14,0.4,0.0,0.0,0.0,0.0,0.0,0.0,0.0,0.0,0.02,0.0,0.0,0.0
13,1,5,0,False,1.6402175791908975,0.4557073103618443,2,qEHVI,0.38,0.04,0.48,0.04,0.04,0.0,0.0,0.0,0.0,0.0,0.0,0.0,0.0,0.02,0.0
13,1,5,0,False,1.6402175791908975,0.4557073103618443,3,qEHVI,0.8,0.0,0.14,0.0,0.0,0.0,0.0,0.0,0.04,0.0,0.0,0.0,0.0,0.0,0.02
13,1,5,0,False,1.6402175791908975,0.4557073103618443,4,qEHVI,0.76,0.12,0.02,0.0,0.0,0.0,0.0,0.0,0.04,0.0,0.0,0.0,0.0,0.02,0.04
13,2,4,1,False,1.5451703947741475,0.6866969270427918,0,qEHVI,0.7000000000000001,0.14,0.1,0.0,0.02,0.0,0.0,0.0,0.04,0.0,0.0,0.0,0.0,0.0,0.0
13,2,4,1,False,1.5451703947741475,0.6866969270427918,1,qEHVI,0.44,0.14,0.4,0.0,0.0,0.0,0.0,0.0,0.0,0.0,0.0,0.02,0.0,0.0,0.0
13,2,4,1,False,1.5451703947741475,0.6866969270427918,2,qEHVI,0.38,0.04,0.48,0.04,0.04,0.0,0.0,0.0,0.0,0.0,0.0,0.0,0.0,0.02,0.0
13,2,4,1,False,1.5451703947741475,0.6866969270427918,3,qEHVI,0.8,0.0,0.14,0.0,0.0,0.0,0.0,0.0,0.04,0.0,0.0,0.0,0.0,0.0,0.02
13,2,4,1,False,1.5451703947741475,0.6866969270427918,4,qUCB,0.68,0.1,0.12,0.0,0.04,0.0,0.0,0.0,0.0,0.0,0.0,0.0,0.0,0.02,0.04
13,3,3,2,True,1.5198729930245884,0.6282595709119343,0,qEHVI,0.7000000000000001,0.14,0.1,0.0,0.02,0.0,0.0,0.0,0.04,0.0,0.0,0.0,0.0,0.0,0.0
13,3,3,2,True,1.5198729930245884,0.6282595709119343,1,qEHVI,0.44,0.14,0.4,0.0,0.0,0.0,0.0,0.0,0.0,0.0,0.0,0.02,0.0,0.0,0.0
13,3,3,2,True,1.5198729930245884,0.6282595709119343,2,qEHVI,0.38,0.04,0.48,0.04,0.04,0.0,0.0,0.0,0.0,0.0,0.0,0.0,0.0,0.02,0.0
13,3,3,2,True,1.5198729930245884,0.6282595709119343,3,qUCB,0.62,0.16,0.12,0.0,0.0,0.0,0.0,0.0,0.02,0.0,0.0,0.0,0.0,0.04,0.04
13,3,3,2,True,1.5198729930245884,0.6282595709119343,4,qUCB,0.06,0.0,0.84,0.0,0.0,0.0,0.0,0.0,0.02,0.0,0.0,0.0,0.0,0.04,0.04
13,4,2,3,False,1.3177793297551408,0.3745981681376662,0,qEHVI,0.7000000000000001,0.14,0.1,0.0,0.02,0.0,0.0,0.0,0.04,0.0,0.0,0.0,0.0,0.0,0.0
13,4,2,3,False,1.3177793297551408,0.3745981681376662,1,qEHVI,0.44,0.14,0.4,0.0,0.0,0.0,0.0,0.0,0.0,0.0,0.0,0.02,0.0,0.0,0.0
13,4,2,3,False,1.3177793297551408,0.3745981681376662,2,qUCB,0.68,0.1,0.12,0.0,0.04,0.0,0.0,0.0,0.0,0.0,0.0,0.0,0.0,0.02,0.04
13,4,2,3,False,1.3177793297551408,0.3745981681376662,3,qUCB,0.0,0.06,0.84,0.04,0.0,0.0,0.0,0.0,0.04,0.0,0.0,0.0,0.0,0.0,0.02
13,4,2,3,False,1.3177793297551408,0.3745981681376662,4,qUCB,0.0,0.8200000000000001,0.08,0.04,0.0,0.0,0.0,0.0,0.0,0.0,0.0,0.02,0.0,0.0,0.04
13,5,1,4,False,1.018864057915626,0.1936405480116523,0,qEHVI,0.7000000000000001,0.14,0.1,0.0,0.02,0.0,0.0,0.0,0.04,0.0,0.0,0.0,0.0,0.0,0.0
13,5,1,4,False,1.018864057915626,0.1936405480116523,1,qUCB,0.46,0.08,0.36,0.02,0.0,0.0,0.0,0.0,0.0,0.0,0.0,0.04,0.0,0.0,0.04
13,5,1,4,False,1.018864057915626,0.1936405480116523,2,qUCB,0.02,0.04,0.84,0.02,0.0,0.0,0.0,0.0,0.0,0.0,0.0,0.04,0.0,0.04,0.0
13,5,1,4,False,1.018864057915626,0.1936405480116523,3,qUCB,0.0,0.8200000000000001,0.08,0.04,0.0,0.0,0.0,0.0,0.0,0.0,0.0,0.02,0.0,0.0,0.04
13,5,1,4,False,1.018864057915626,0.1936405480116523,4,qUCB,0.0,0.02,0.88,0.04,0.0,0.0,0.0,0.0,0.0,0.0,0.0,0.02,0.0,0.04,0.0
13,6,0,5,False,1.0431499095346004,0.2303329113999819,0,qUCB,0.7000000000000001,0.14,0.1,0.0,0.02,0.0,0.0,0.0,0.04,0.0,0.0,0.0,0.0,0.0,0.0
13,6,0,5,False,1.0431499095346004,0.2303329113999819,1,qUCB,0.08,0.0,0.84,0.04,0.0,0.0,0.0,0.0,0.02,0.0,0.0,0.0,0.0,0.02,0.0
13,6,0,5,False,1.0431499095346004,0.2303329113999819,2,qUCB,0.78,0.0,0.12,0.0,0.0,0.0,0.0,0.0,0.04,0.0,0.0,0.0,0.0,0.04,0.02
13,6,0,5,False,1.0431499095346004,0.2303329113999819,3,qUCB,0.0,0.88,0.1,0.0,0.0,0.0,0.0,0.0,0.0,0.0,0.0,0.02,0.0,0.0,0.0
13,6,0,5,False,1.0431499095346004,0.2303329113999819,4,qUCB,0.02,0.1,0.86,0.0,0.0,0.0,0.0,0.0,0.0,0.0,0.0,0.0,0.0,0.0,0.02
14,1,5,0,False,1.1676023476875403,0.8124686107321053,0,qEHVI,0.62,0.02,0.3,0.0,0.04,0.0,0.0,0.0,0.02,0.0,0.0,0.0,0.0,0.0,0.0
14,1,5,0,False,1.1676023476875403,0.8124686107321053,1,qEHVI,0.6,0.28,0.02,0.0,0.02,0.0,0.0,0.0,0.02,0.0,0.0,0.02,0.0,0.0,0.04
14,1,5,0,False,1.1676023476875403,0.8124686107321053,2,qEHVI,0.8,0.0,0.12,0.0,0.04,0.0,0.0,0.0,0.0,0.0,0.0,0.0,0.0,0.0,0.04
14,1,5,0,False,1.1676023476875403,0.8124686107321053,3,qEHVI,0.62,0.24,0.1,0.0,0.04,0.0,0.0,0.0,0.0,0.0,0.0,0.0,0.0,0.0,0.0
14,1,5,0,False,1.1676023476875403,0.8124686107321053,4,qEHVI,0.46,0.22,0.28,0.0,0.04,0.0,0.0,0.0,0.0,0.0,0.0,0.0,0.0,0.0,0.0
14,2,4,1,False,1.0484979372399759,0.22445238107996301,0,qEHVI,0.62,0.02,0.3,0.0,0.04,0.0,0.0,0.0,0.02,0.0,0.0,0.0,0.0,0.0,0.0
14,2,4,1,False,1.0484979372399759,0.22445238107996301,1,qEHVI,0.6,0.28,0.02,0.0,0.02,0.0,0.0,0.0,0.02,0.0,0.0,0.02,0.0,0.0,0.04
14,2,4,1,False,1.0484979372399759,0.22445238107996301,2,qEHVI,0.8,0.0,0.12,0.0,0.04,0.0,0.0,0.0,0.0,0.0,0.0,0.0,0.0,0.0,0.04
14,2,4,1,False,1.0484979372399759,0.22445238107996301,3,qEHVI,0.62,0.24,0.1,0.0,0.04,0.0,0.0,0.0,0.0,0.0,0.0,0.0,0.0,0.0,0.0
14,2,4,1,False,1.0484979372399759,0.22445238107996301,4,qUCB,0.46,0.06,0.38,0.04,0.0,0.0,0.0,0.0,0.0,0.0,0.0,0.04,0.0,0.02,0.0
14,3,3,2,True,0.9053877493012488,0.34110585896322726,0,qEHVI,0.62,0.02,0.3,0.0,0.04,0.0,0.0,0.0,0.02,0.0,0.0,0.0,0.0,0.0,0.0
14,3,3,2,True,0.9053877493012488,0.34110585896322726,1,qEHVI,0.6,0.28,0.02,0.0,0.02,0.0,0.0,0.0,0.02,0.0,0.0,0.02,0.0,0.0,0.04
14,3,3,2,True,0.9053877493012488,0.34110585896322726,2,qEHVI,0.8,0.0,0.12,0.0,0.04,0.0,0.0,0.0,0.0,0.0,0.0,0.0,0.0,0.0,0.04
14,3,3,2,True,0.9053877493012488,0.34110585896322726,3,qUCB,0.46,0.06,0.38,0.04,0.0,0.0,0.0,0.0,0.0,0.0,0.0,0.04,0.0,0.02,0.0
14,3,3,2,True,0.9053877493012488,0.34110585896322726,4,qUCB,0.0,0.8200000000000001,0.08,0.04,0.0,0.0,0.0,0.0,0.0,0.0,0.0,0.02,0.0,0.04,0.0
14,4,2,3,False,0.7169506339477805,0.21583210263494124,0,qEHVI,0.62,0.02,0.3,0.0,0.04,0.0,0.0,0.0,0.02,0.0,0.0,0.0,0.0,0.0,0.0
14,4,2,3,False,0.7169506339477805,0.21583210263494124,1,qEHVI,0.6,0.28,0.02,0.0,0.02,0.0,0.0,0.0,0.02,0.0,0.0,0.02,0.0,0.0,0.04
14,4,2,3,False,0.7169506339477805,0.21583210263494124,2,qUCB,0.46,0.06,0.38,0.04,0.0,0.0,0.0,0.0,0.0,0.0,0.0,0.04,0.0,0.02,0.0
14,4,2,3,False,0.7169506339477805,0.21583210263494124,3,qUCB,0.0,0.8200000000000001,0.08,0.04,0.0,0.0,0.0,0.0,0.0,0.0,0.0,0.02,0.0,0.04,0.0
14,4,2,3,False,0.7169506339477805,0.21583210263494124,4,qUCB,0.04,0.68,0.2,0.04,0.0,0.0,0.0,0.0,0.0,0.0,0.0,0.0,0.0,0.04,0.0
14,5,1,4,False,0.5541854537134998,0.3655517172419427,0,qEHVI,0.62,0.02,0.3,0.0,0.04,0.0,0.0,0.0,0.02,0.0,0.0,0.0,0.0,0.0,0.0
14,5,1,4,False,0.5541854537134998,0.3655517172419427,1,qUCB,0.44,0.08,0.38,0.02,0.0,0.0,0.0,0.0,0.0,0.0,0.0,0.04,0.0,0.0,0.04
14,5,1,4,False,0.5541854537134998,0.3655517172419427,2,qUCB,0.0,0.8200000000000001,0.08,0.04,0.0,0.0,0.0,0.0,0.0,0.0,0.0,0.02,0.0,0.04,0.0
14,5,1,4,False,0.5541854537134998,0.3655517172419427,3,qUCB,0.44,0.4,0.06,0.0,0.0,0.0,0.0,0.0,0.0,0.0,0.0,0.04,0.0,0.04,0.02
14,5,1,4,False,0.5541854537134998,0.3655517172419427,4,qUCB,0.04,0.68,0.2,0.04,0.0,0.0,0.0,0.0,0.0,0.0,0.0,0.0,0.0,0.04,0.0
14,6,0,5,False,0.5767905945365427,0.5474668628575943,0,qUCB,0.42,0.1,0.38,0.02,0.0,0.0,0.0,0.0,0.04,0.0,0.0,0.02,0.0,0.02,0.0
14,6,0,5,False,0.5767905945365427,0.5474668628575943,1,qUCB,0.8,0.0,0.12,0.0,0.04,0.0,0.0,0.0,0.0,0.0,0.0,0.0,0.0,0.0,0.04
14,6,0,5,False,0.5767905945365427,0.5474668628575943,2,qUCB,0.44,0.48,0.06,0.0,0.0,0.0,0.0,0.0,0.02,0.0,0.0,0.0,0.0,0.0,0.0
14,6,0,5,False,0.5767905945365427,0.5474668628575943,3,qUCB,0.46,0.14,0.38,0.0,0.0,0.0,0.0,0.0,0.0,0.0,0.0,0.0,0.0,0.02,0.0
14,6,0,5,False,0.5767905945365427,0.5474668628575943,4,qUCB,0.4,0.1,0.4,0.04,0.04,0.0,0.0,0.0,0.0,0.0,0.0,0.0,0.0,0.02,0.0
15,1,5,0,False,3.853515680757351,0.4450372249240129,0,qEHVI,0.48,0.42,0.0,0.0,0.0,0.0,0.0,0.0,0.02,0.0,0.0,0.04,0.0,0.04,0.0
15,1,5,0,False,3.853515680757351,0.4450372249240129,1,qEHVI,0.4,0.12,0.4,0.02,0.02,0.0,0.0,0.0,0.04,0.0,0.0,0.0,0.0,0.0,0.0
15,1,5,0,False,3.853515680757351,0.4450372249240129,2,qEHVI,0.46,0.02,0.42,0.02,0.0,0.0,0.0,0.0,0.04,0.0,0.0,0.0,0.0,0.0,0.04
15,1,5,0,False,3.853515680757351,0.4450372249240129,3,qEHVI,0.02,0.22,0.7000000000000001,0.04,0.0,0.0,0.0,0.0,0.02,0.0,0.0,0.0,0.0,0.0,0.0
15,1,5,0,False,3.853515680757351,0.4450372249240129,4,qEHVI,0.8,0.0,0.12,0.02,0.0,0.0,0.0,0.0,0.02,0.0,0.0,0.0,0.0,0.0,0.04
15,2,4,1,False,3.647041125475022,0.7470017097217663,0,qEHVI,0.48,0.42,0.0,0.0,0.0,0.0,0.0,0.0,0.02,0.0,0.0,0.04,0.0,0.04,0.0
15,2,4,1,False,3.647041125475022,0.7470017097217663,1,qEHVI,0.4,0.12,0.4,0.02,0.02,0.0,0.0,0.0,0.04,0.0,0.0,0.0,0.0,0.0,0.0
15,2,4,1,False,3.647041125475022,0.7470017097217663,2,qEHVI,0.46,0.02,0.42,0.02,0.0,0.0,0.0,0.0,0.04,0.0,0.0,0.0,0.0,0.0,0.04
15,2,4,1,False,3.647041125475022,0.7470017097217663,3,qEHVI,0.56,0.34,0.0,0.0,0.04,0.0,0.0,0.0,0.04,0.0,0.0,0.0,0.0,0.02,0.0
15,2,4,1,False,3.647041125475022,0.7470017097217663,4,qUCB,0.38,0.14,0.4,0.02,0.0,0.0,0.0,0.0,0.0,0.0,0.0,0.04,0.0,0.0,0.02
15,3,3,2,True,3.843743951810707,0.2527917595058753,0,qEHVI,0.48,0.42,0.0,0.0,0.0,0.0,0.0,0.0,0.02,0.0,0.0,0.04,0.0,0.04,0.0
15,3,3,2,True,3.843743951810707,0.2527917595058753,1,qEHVI,0.4,0.12,0.4,0.02,0.02,0.0,0.0,0.0,0.04,0.0,0.0,0.0,0.0,0.0,0.0
15,3,3,2,True,3.843743951810707,0.2527917595058753,2,qEHVI,0.46,0.02,0.42,0.02,0.0,0.0,0.0,0.0,0.04,0.0,0.0,0.0,0.0,0.0,0.04
15,3,3,2,True,3.843743951810707,0.2527917595058753,3,qUCB,0.5,0.4,0.0,0.0,0.04,0.0,0.0,0.0,0.02,0.0,0.0,0.0,0.0,0.04,0.0
15,3,3,2,True,3.843743951810707,0.2527917595058753,4,qUCB,0.0,0.12,0.78,0.04,0.0,0.0,0.0,0.0,0.0,0.0,0.0,0.02,0.0,0.04,0.0
15,4,2,3,False,3.5669938808288086,0.33535834264442954,0,qEHVI,0.48,0.42,0.0,0.0,0.0,0.0,0.0,0.0,0.02,0.0,0.0,0.04,0.0,0.04,0.0
15,4,2,3,False,3.5669938808288086,0.33535834264442954,1,qEHVI,0.4,0.12,0.4,0.02,0.02,0.0,0.0,0.0,0.04,0.0,0.0,0.0,0.0,0.0,0.0
15,4,2,3,False,3.5669938808288086,0.33535834264442954,2,qUCB,0.42,0.06,0.42,0.02,0.0,0.0,0.0,0.0,0.0,0.0,0.0,0.04,0.0,0.0,0.04
15,4,2,3,False,3.5669938808288086,0.33535834264442954,3,qUCB,0.0,0.14,0.76,0.04,0.0,0.0,0.0,0.0,0.0,0.0,0.0,0.0,0.0,0.02,0.04
15,4,2,3,False,3.5669938808288086,0.33535834264442954,4,qUCB,0.0,0.28,0.62,0.04,0.02,0.0,0.0,0.0,0.0,0.0,0.0,0.0,0.0,0.04,0.0
15,5,1,4,False,2.6671029003292723,0.85853575767152,0,qEHVI,0.48,0.42,0.0,0.0,0.0,0.0,0.0,0.0,0.02,0.0,0.0,0.04,0.0,0.04,0.0
15,5,1,4,False,2.6671029003292723,0.85853575767152,1,qUCB,0.8,0.0,0.1,0.02,0.04,0.0,0.0,0.0,0.0,0.0,0.0,0.0,0.0,0.0,0.04
15,5,1,4,False,2.6671029003292723,0.85853575767152,2,qUCB,0.08,0.1,0.74,0.04,0.0,0.0,0.0,0.0,0.0,0.0,0.0,0.0,0.0,0.0,0.04
15,5,1,4,False,2.6671029003292723,0.85853575767152,3,qUCB,0.0,0.04,0.86,0.04,0.04,0.0,0.0,0.0,0.02,0.0,0.0,0.0,0.0,0.0,0.0
15,5,1,4,False,2.6671029003292723,0.85853575767152,4,qUCB,0.0,0.24,0.68,0.04,0.02,0.0,0.0,0.0,0.0,0.0,0.0,0.0,0.0,0.0,0.02
15,6,0,5,False,2.501433359485629,0.40946961118870817,0,qUCB,0.4,0.12,0.4,0.02,0.02,0.0,0.0,0.0,0.04,0.0,0.0,0.0,0.0,0.0,0.0
15,6,0,5,False,2.501433359485629,0.40946961118870817,1,qUCB,0.0,0.2,0.72,0.04,0.0,0.0,0.0,0.0,0.0,0.0,0.0,0.0,0.0,0.02,0.02
15,6,0,5,False,2.501433359485629,0.40946961118870817,2,qUCB,0.0,0.1,0.86,0.04,0.0,0.0,0.0,0.0,0.0,0.0,0.0,0.0,0.0,0.0,0.0
15,6,0,5,False,2.501433359485629,0.40946961118870817,3,qUCB,0.02,0.12,0.76,0.04,0.02,0.0,0.0,0.0,0.0,0.0,0.0,0.02,0.0,0.02,0.0
15,6,0,5,False,2.501433359485629,0.40946961118870817,4,qUCB,0.0,0.28,0.62,0.04,0.02,0.0,0.0,0.0,0.0,0.0,0.0,0.0,0.0,0.04,0.0
16,1,5,0,False,0.6182849403755172,0.6643894688838161,0,qEHVI,0.66,0.14,0.1,0.0,0.02,0.0,0.0,0.0,0.02,0.0,0.0,0.02,0.0,0.0,0.04
16,1,5,0,False,0.6182849403755172,0.6643894688838161,1,qEHVI,0.52,0.38,0.02,0.0,0.04,0.0,0.0,0.0,0.0,0.0,0.0,0.0,0.0,0.0,0.04
16,1,5,0,False,0.6182849403755172,0.6643894688838161,2,qEHVI,0.4,0.22,0.28,0.0,0.04,0.0,0.0,0.0,0.02,0.0,0.0,0.04,0.0,0.0,0.0
16,1,5,0,False,0.6182849403755172,0.6643894688838161,3,qEHVI,0.78,0.0,0.14,0.0,0.0,0.0,0.0,0.0,0.04,0.0,0.0,0.0,0.0,0.0,0.04
16,1,5,0,False,0.6182849403755172,0.6643894688838161,4,qEHVI,0.62,0.0,0.3,0.0,0.0,0.0,0.0,0.0,0.04,0.0,0.0,0.04,0.0,0.0,0.0
16,2,4,1,False,0.5832209277133803,0.4779145421259159,0,qEHVI,0.66,0.14,0.1,0.0,0.02,0.0,0.0,0.0,0.02,0.0,0.0,0.02,0.0,0.0,0.04
16,2,4,1,False,0.5832209277133803,0.4779145421259159,1,qEHVI,0.52,0.38,0.02,0.0,0.04,0.0,0.0,0.0,0.0,0.0,0.0,0.0,0.0,0.0,0.04
16,2,4,1,False,0.5832209277133803,0.4779145421259159,2,qEHVI,0.4,0.22,0.28,0.0,0.04,0.0,0.0,0.0,0.02,0.0,0.0,0.04,0.0,0.0,0.0
16,2,4,1,False,0.5832209277133803,0.4779145421259159,3,qEHVI,0.78,0.0,0.14,0.0,0.0,0.0,0.0,0.0,0.04,0.0,0.0,0.0,0.0,0.0,0.04
16,2,4,1,False,0.5832209277133803,0.4779145421259159,4,qUCB,0.36,0.2,0.36,0.04,0.0,0.0,0.0,0.0,0.0,0.0,0.0,0.0,0.0,0.04,0.0
16,3,3,2,True,0.4875814686741819,0.23797281540109427,0,qEHVI,0.66,0.14,0.1,0.0,0.02,0.0,0.0,0.0,0.02,0.0,0.0,0.02,0.0,0.0,0.04
16,3,3,2,True,0.4875814686741819,0.23797281540109427,1,qEHVI,0.52,0.38,0.02,0.0,0.04,0.0,0.0,0.0,0.0,0.0,0.0,0.0,0.0,0.0,0.04
16,3,3,2,True,0.4875814686741819,0.23797281540109427,2,qEHVI,0.4,0.22,0.28,0.0,0.04,0.0,0.0,0.0,0.02,0.0,0.0,0.04,0.0,0.0,0.0
16,3,3,2,True,0.4875814686741819,0.23797281540109427,3,qUCB,0.36,0.2,0.36,0.04,0.0,0.0,0.0,0.0,0.0,0.0,0.0,0.0,0.0,0.04,0.0
16,3,3,2,True,0.4875814686741819,0.23797281540109427,4,qUCB,0.36,0.36,0.2,0.04,0.0,0.0,0.0,0.0,0.0,0.0,0.0,0.0,0.0,0.04,0.0
16,4,2,3,False,0.39841806789204776,0.6448021834454405,0,qEHVI,0.66,0.14,0.1,0.0,0.02,0.0,0.0,0.0,0.02,0.0,0.0,0.02,0.0,0.0,0.04
16,4,2,3,False,0.39841806789204776,0.6448021834454405,1,qEHVI,0.52,0.38,0.02,0.0,0.04,0.0,0.0,0.0,0.0,0.0,0.0,0.0,0.0,0.0,0.04
16,4,2,3,False,0.39841806789204776,0.6448021834454405,2,qUCB,0.36,0.2,0.36,0.04,0.0,0.0,0.0,0.0,0.0,0.0,0.0,0.0,0.0,0.04,0.0
16,4,2,3,False,0.39841806789204776,0.6448021834454405,3,qUCB,0.0,0.38,0.52,0.04,0.0,0.0,0.0,0.0,0.0,0.0,0.0,0.02,0.0,0.04,0.0
16,4,2,3,False,0.39841806789204776,0.6448021834454405,4,qUCB,0.34,0.16,0.4,0.04,0.02,0.0,0.0,0.0,0.0,0.0,0.0,0.0,0.0,0.04,0.0
16,5,1,4,False,0.33034114043953644,0.1717000287116126,0,qEHVI,0.66,0.14,0.1,0.0,0.02,0.0,0.0,0.0,0.02,0.0,0.0,0.02,0.0,0.0,0.04
16,5,1,4,False,0.33034114043953644,0.1717000287116126,1,qUCB,0.34,0.16,0.4,0.04,0.02,0.0,0.0,0.0,0.0,0.0,0.0,0.0,0.0,0.04,0.0
16,5,1,4,False,0.33034114043953644,0.1717000287116126,2,qUCB,0.0,0.38,0.52,0.04,0.0,0.0,0.0,0.0,0.0,0.0,0.0,0.02,0.0,0.04,0.0
16,5,1,4,False,0.33034114043953644,0.1717000287116126,3,qUCB,0.02,0.76,0.18,0.04,0.0,0.0,0.0,0.0,0.0,0.0,0.0,0.0,0.0,0.0,0.0
16,5,1,4,False,0.33034114043953644,0.1717000287116126,4,qUCB,0.36,0.36,0.2,0.04,0.0,0.0,0.0,0.0,0.0,0.0,0.0,0.0,0.0,0.04,0.0
16,6,0,5,False,0.2390580699439541,0.33387359731953614,0,qUCB,0.48,0.14,0.36,0.0,0.0,0.0,0.0,0.0,0.0,0.0,0.0,0.02,0.0,0.0,0.0
16,6,0,5,False,0.2390580699439541,0.33387359731953614,1,qUCB,0.4,0.1,0.4,0.04,0.0,0.0,0.0,0.0,0.04,0.0,0.0,0.02,0.0,0.0,0.0
16,6,0,5,False,0.2390580699439541,0.33387359731953614,2,qUCB,0.46,0.06,0.38,0.0,0.0,0.0,0.0,0.0,0.04,0.0,0.0,0.0,0.0,0.02,0.04
16,6,0,5,False,0.2390580699439541,0.33387359731953614,3,qUCB,0.02,0.76,0.18,0.04,0.0,0.0,0.0,0.0,0.0,0.0,0.0,0.0,0.0,0.0,0.0
16,6,0,5,False,0.2390580699439541,0.33387359731953614,4,qUCB,0.0,0.46,0.5,0.04,0.0,0.0,0.0,0.0,0.0,0.0,0.0,0.0,0.0,0.0,0.0
17,1,5,0,False,0.6055097632788108,0.5900026220904699,0,qEHVI,0.48,0.08,0.36,0.0,0.0,0.0,0.0,0.0,0.0,0.0,0.0,0.0,0.0,0.04,0.04
17,1,5,0,False,0.6055097632788108,0.5900026220904699,1,qEHVI,0.56,0.28,0.06,0.0,0.0,0.0,0.0,0.0,0.02,0.0,0.0,0.04,0.0,0.0,0.04
17,1,5,0,False,0.6055097632788108,0.5900026220904699,2,qEHVI,0.8200000000000001,0.04,0.08,0.0,0.0,0.0,0.0,0.0,0.02,0.0,0.0,0.0,0.0,0.0,0.04
17,1,5,0,False,0.6055097632788108,0.5900026220904699,3,qEHVI,0.58,0.2,0.16,0.0,0.0,0.0,0.0,0.0,0.0,0.0,0.0,0.02,0.0,0.0,0.04
17,1,5,0,False,0.6055097632788108,0.5900026220904699,4,qEHVI,0.5,0.4,0.0,0.0,0.04,0.0,0.0,0.0,0.0,0.0,0.0,0.02,0.0,0.0,0.04
17,2,4,1,False,0.5818405011636842,0.1294997377674294,0,qEHVI,0.48,0.08,0.36,0.0,0.0,0.0,0.0,0.0,0.0,0.0,0.0,0.0,0.0,0.04,0.04
17,2,4,1,False,0.5818405011636842,0.1294997377674294,1,qEHVI,0.56,0.28,0.06,0.0,0.0,0.0,0.0,0.0,0.02,0.0,0.0,0.04,0.0,0.0,0.04
17,2,4,1,False,0.5818405011636842,0.1294997377674294,2,qEHVI,0.8200000000000001,0.04,0.08,0.0,0.0,0.0,0.0,0.0,0.02,0.0,0.0,0.0,0.0,0.0,0.04
17,2,4,1,False,0.5818405011636842,0.1294997377674294,3,qEHVI,0.5,0.4,0.0,0.0,0.04,0.0,0.0,0.0,0.0,0.0,0.0,0.02,0.0,0.0,0.04
17,2,4,1,False,0.5818405011636842,0.1294997377674294,4,qUCB,0.32,0.18,0.4,0.04,0.0,0.0,0.0,0.0,0.04,0.0,0.0,0.0,0.0,0.02,0.0
17,3,3,2,True,0.4713647765123647,0.5254974110029651,0,qEHVI,0.48,0.08,0.36,0.0,0.0,0.0,0.0,0.0,0.0,0.0,0.0,0.0,0.0,0.04,0.04
17,3,3,2,True,0.4713647765123647,0.5254974110029651,1,qEHVI,0.56,0.28,0.06,0.0,0.0,0.0,0.0,0.0,0.02,0.0,0.0,0.04,0.0,0.0,0.04
17,3,3,2,True,0.4713647765123647,0.5254974110029651,2,qEHVI,0.8200000000000001,0.04,0.08,0.0,0.0,0.0,0.0,0.0,0.02,0.0,0.0,0.0,0.0,0.0,0.04
17,3,3,2,True,0.4713647765123647,0.5254974110029651,3,qUCB,0.48,0.02,0.4,0.04,0.04,0.0,0.0,0.0,0.0,0.0,0.0,0.02,0.0,0.0,0.0
17,3,3,2,True,0.4713647765123647,0.5254974110029651,4,qUCB,0.0,0.42,0.48,0.04,0.0,0.0,0.0,0.0,0.04,0.0,0.0,0.0,0.0,0.02,0.0
17,4,2,3,False,0.37498526704912044,0.48785652761951814,0,qEHVI,0.48,0.08,0.36,0.0,0.0,0.0,0.0,0.0,0.0,0.0,0.0,0.0,0.0,0.04,0.04
17,4,2,3,False,0.37498526704912044,0.48785652761951814,1,qEHVI,0.56,0.28,0.06,0.0,0.0,0.0,0.0,0.0,0.02,0.0,0.0,0.04,0.0,0.0,0.04
17,4,2,3,False,0.37498526704912044,0.48785652761951814,2,qUCB,0.48,0.04,0.38,0.04,0.04,0.0,0.0,0.0,0.02,0.0,0.0,0.0,0.0,0.0,0.0
17,4,2,3,False,0.37498526704912044,0.48785652761951814,3,qUCB,0.04,0.38,0.48,0.04,0.02,0.0,0.0,0.0,0.04,0.0,0.0,0.0,0.0,0.0,0.0
17,4,2,3,False,0.37498526704912044,0.48785652761951814,4,qUCB,0.04,0.32,0.54,0.04,0.04,0.0,0.0,0.0,0.0,0.0,0.0,0.02,0.0,0.0,0.0
17,5,1,4,False,0.3517938999628777,0.5470912642238047,0,qEHVI,0.48,0.08,0.36,0.0,0.0,0.0,0.0,0.0,0.0,0.0,0.0,0.0,0.0,0.04,0.04
17,5,1,4,False,0.3517938999628777,0.5470912642238047,1,qUCB,0.42,0.1,0.38,0.0,0.02,0.0,0.0,0.0,0.04,0.0,0.0,0.04,0.0,0.0,0.0
17,5,1,4,False,0.3517938999628777,0.5470912642238047,2,qUCB,0.04,0.36,0.5,0.0,0.04,0.0,0.0,0.0,0.02,0.0,0.0,0.04,0.0,0.0,0.0
17,5,1,4,False,0.3517938999628777,0.5470912642238047,3,qUCB,0.04,0.68,0.2,0.04,0.0,0.0,0.0,0.0,0.04,0.0,0.0,0.0,0.0,0.0,0.0
17,5,1,4,False,0.3517938999628777,0.5470912642238047,4,qUCB,0.04,0.38,0.48,0.04,0.02,0.0,0.0,0.0,0.04,0.0,0.0,0.0,0.0,0.0,0.0
17,6,0,5,False,0.26004997876209396,0.6917057118921512,0,qUCB,0.44,0.1,0.36,0.0,0.02,0.0,0.0,0.0,0.04,0.0,0.0,0.0,0.0,0.04,0.0
17,6,0,5,False,0.26004997876209396,0.6917057118921512,1,qUCB,0.0,0.42,0.5,0.04,0.0,0.0,0.0,0.0,0.02,0.0,0.0,0.0,0.0,0.02,0.0
17,6,0,5,False,0.26004997876209396,0.6917057118921512,2,qUCB,0.0,0.7000000000000001,0.2,0.04,0.0,0.0,0.0,0.0,0.02,0.0,0.0,0.02,0.0,0.0,0.02
17,6,0,5,False,0.26004997876209396,0.6917057118921512,3,qUCB,0.38,0.12,0.4,0.04,0.02,0.0,0.0,0.0,0.0,0.0,0.0,0.04,0.0,0.0,0.0
17,6,0,5,False,0.26004997876209396,0.6917057118921512,4,qUCB,0.28,0.0,0.62,0.0,0.04,0.0,0.0,0.0,0.02,0.0,0.0,0.0,0.0,0.04,0.0
18,1,5,0,True,0.6918576436951043,0.24719935875744437,0,qEHVI,0.64,0.18,0.12,0.0,0.0,0.0,0.0,0.0,0.0,0.0,0.0,0.04,0.0,0.0,0.02
18,1,5,0,True,0.6918576436951043,0.24719935875744437,1,qEHVI,0.8,0.02,0.08,0.0,0.0,0.0,0.0,0.0,0.02,0.0,0.0,0.04,0.0,0.0,0.04
18,1,5,0,True,0.6918576436951043,0.24719935875744437,2,qEHVI,0.44,0.42,0.04,0.0,0.0,0.0,0.0,0.0,0.02,0.0,0.0,0.04,0.0,0.0,0.04
18,1,5,0,True,0.6918576436951043,0.24719935875744437,3,qEHVI,0.38,0.04,0.48,0.04,0.02,0.0,0.0,0.0,0.0,0.0,0.0,0.02,0.0,0.0,0.02
18,1,5,0,True,0.6918576436951043,0.24719935875744437,4,qEHVI,0.58,0.02,0.32,0.0,0.02,0.0,0.0,0.0,0.02,0.0,0.0,0.04,0.0,0.0,0.0
18,2,4,1,False,0.5996695830063383,0.25072339597145454,0,qEHVI,0.64,0.18,0.12,0.0,0.0,0.0,0.0,0.0,0.0,0.0,0.0,0.04,0.0,0.0,0.02
18,2,4,1,False,0.5996695830063383,0.25072339597145454,1,qEHVI,0.8,0.02,0.08,0.0,0.0,0.0,0.0,0.0,0.02,0.0,0.0,0.04,0.0,0.0,0.04
18,2,4,1,False,0.5996695830063383,0.25072339597145454,2,qEHVI,0.44,0.42,0.04,0.0,0.0,0.0,0.0,0.0,0.02,0.0,0.0,0.04,0.0,0.0,0.04
18,2,4,1,False,0.5996695830063383,0.25072339597145454,3,qEHVI,0.58,0.02,0.32,0.0,0.02,0.0,0.0,0.0,0.02,0.0,0.0,0.04,0.0,0.0,0.0
18,2,4,1,False,0.5996695830063383,0.25072339597145454,4,qUCB,0.36,0.14,0.4,0.04,0.02,0.0,0.0,0.0,0.0,0.0,0.0,0.0,0.0,0.04,0.0
18,3,3,2,False,0.5214301426376088,0.14857261649115916,0,qEHVI,0.64,0.18,0.12,0.0,0.0,0.0,0.0,0.0,0.0,0.0,0.0,0.04,0.0,0.0,0.02
18,3,3,2,False,0.5214301426376088,0.14857261649115916,1,qEHVI,0.8,0.02,0.08,0.0,0.0,0.0,0.0,0.0,0.02,0.0,0.0,0.04,0.0,0.0,0.04
18,3,3,2,False,0.5214301426376088,0.14857261649115916,2,qEHVI,0.44,0.42,0.04,0.0,0.0,0.0,0.0,0.0,0.02,0.0,0.0,0.04,0.0,0.0,0.04
18,3,3,2,False,0.5214301426376088,0.14857261649115916,3,qUCB,0.38,0.14,0.38,0.04,0.02,0.0,0.0,0.0,0.04,0.0,0.0,0.0,0.0,0.0,0.0
18,3,3,2,False,0.5214301426376088,0.14857261649115916,4,qUCB,0.44,0.08,0.38,0.0,0.02,0.0,0.0,0.0,0.04,0.0,0.0,0.0,0.0,0.04,0.0
18,4,2,3,False,0.42889471722605943,0.2593246465747674,0,qEHVI,0.64,0.18,0.12,0.0,0.0,0.0,0.0,0.0,0.0,0.0,0.0,0.04,0.0,0.0,0.02
18,4,2,3,False,0.42889471722605943,0.2593246465747674,1,qEHVI,0.8,0.02,0.08,0.0,0.0,0.0,0.0,0.0,0.02,0.0,0.0,0.04,0.0,0.0,0.04
18,4,2,3,False,0.42889471722605943,0.2593246465747674,2,qUCB,0.38,0.14,0.38,0.04,0.02,0.0,0.0,0.0,0.04,0.0,0.0,0.0,0.0,0.0,0.0
18,4,2,3,False,0.42889471722605943,0.2593246465747674,3,qUCB,0.44,0.08,0.38,0.0,0.02,0.0,0.0,0.0,0.04,0.0,0.0,0.0,0.0,0.04,0.0
18,4,2,3,False,0.42889471722605943,0.2593246465747674,4,qUCB,0.04,0.68,0.18,0.04,0.0,0.0,0.0,0.0,0.02,0.0,0.0,0.0,0.0,0.04,0.0
18,5,1,4,False,0.29506004075388176,0.056507043672255675,0,qEHVI,0.7000000000000001,0.12,0.12,0.0,0.0,0.0,0.0,0.0,0.02,0.0,0.0,0.04,0.0,0.0,0.0
18,5,1,4,False,0.29506004075388176,0.056507043672255675,1,qUCB,0.36,0.14,0.4,0.04,0.02,0.0,0.0,0.0,0.0,0.0,0.0,0.0,0.0,0.04,0.0
18,5,1,4,False,0.29506004075388176,0.056507043672255675,2,qUCB,0.06,0.66,0.18,0.04,0.0,0.0,0.0,0.0,0.0,0.0,0.0,0.0,0.0,0.02,0.04
18,5,1,4,False,0.29506004075388176,0.056507043672255675,3,qUCB,0.06,0.2,0.64,0.04,0.0,0.0,0.0,0.0,0.0,0.0,0.0,0.0,0.0,0.02,0.04
18,5,1,4,False,0.29506004075388176,0.056507043672255675,4,qUCB,0.04,0.7000000000000001,0.18,0.04,0.04,0.0,0.0,0.0,0.0,0.0,0.0,0.0,0.0,0.0,0.0
18,6,0,5,False,0.4655721492738762,0.13027355901821425,0,qUCB,0.42,0.12,0.38,0.04,0.0,0.0,0.0,0.0,0.04,0.0,0.0,0.0,0.0,0.0,0.0
18,6,0,5,False,0.4655721492738762,0.13027355901821425,1,qUCB,0.8,0.0,0.1,0.0,0.0,0.0,0.0,0.0,0.02,0.0,0.0,0.04,0.0,0.04,0.0
18,6,0,5,False,0.4655721492738762,0.13027355901821425,2,qUCB,0.58,0.24,0.08,0.0,0.0,0.0,0.0,0.0,0.0,0.0,0.0,0.04,0.0,0.02,0.04
18,6,0,5,False,0.4655721492738762,0.13027355901821425,3,qUCB,0.78,0.02,0.14,0.0,0.02,0.0,0.0,0.0,0.0,0.0,0.0,0.04,0.0,0.0,0.0
18,6,0,5,False,0.4655721492738762,0.13027355901821425,4,qUCB,0.0,0.72,0.2,0.04,0.0,0.0,0.0,0.0,0.0,0.0,0.0,0.02,0.0,0.0,0.02
19,1,5,0,True,0.7146275780997093,0.12402141648981146,0,qEHVI,0.52,0.34,0.06,0.0,0.0,0.0,0.0,0.0,0.0,0.0,0.0,0.04,0.0,0.0,0.04
19,1,5,0,True,0.7146275780997093,0.12402141648981146,1,qEHVI,0.36,0.08,0.46,0.02,0.0,0.0,0.0,0.0,0.02,0.0,0.0,0.04,0.0,0.02,0.0
19,1,5,0,True,0.7146275780997093,0.12402141648981146,2,qEHVI,0.6,0.26,0.06,0.0,0.0,0.0,0.0,0.0,0.04,0.0,0.0,0.0,0.0,0.0,0.04
19,1,5,0,True,0.7146275780997093,0.12402141648981146,3,qEHVI,0.44,0.1,0.36,0.02,0.0,0.0,0.0,0.0,0.0,0.0,0.0,0.04,0.0,0.0,0.04
19,1,5,0,True,0.7146275780997093,0.12402141648981146,4,qEHVI,0.0,0.78,0.18,0.04,0.0,0.0,0.0,0.0,0.0,0.0,0.0,0.0,0.0,0.0,0.0
19,2,4,1,False,0.62023986320582,0.38141897735093266,0,qEHVI,0.52,0.34,0.06,0.0,0.0,0.0,0.0,0.0,0.0,0.0,0.0,0.04,0.0,0.0,0.04
19,2,4,1,False,0.62023986320582,0.38141897735093266,1,qEHVI,0.6,0.26,0.06,0.0,0.0,0.0,0.0,0.0,0.04,0.0,0.0,0.0,0.0,0.0,0.04
19,2,4,1,False,0.62023986320582,0.38141897735093266,2,qEHVI,0.36,0.08,0.46,0.02,0.0,0.0,0.0,0.0,0.02,0.0,0.0,0.04,0.0,0.02,0.0
19,2,4,1,False,0.62023986320582,0.38141897735093266,3,qEHVI,0.44,0.1,0.36,0.02,0.0,0.0,0.0,0.0,0.0,0.0,0.0,0.04,0.0,0.0,0.04
19,2,4,1,False,0.62023986320582,0.38141897735093266,4,qUCB,0.44,0.08,0.38,0.0,0.04,0.0,0.0,0.0,0.0,0.0,0.0,0.0,0.0,0.04,0.02
19,3,3,2,False,0.6201270295191257,0.5188420986919011,0,qEHVI,0.52,0.34,0.06,0.0,0.0,0.0,0.0,0.0,0.0,0.0,0.0,0.04,0.0,0.0,0.04
19,3,3,2,False,0.6201270295191257,0.5188420986919011,1,qEHVI,0.6,0.26,0.06,0.0,0.0,0.0,0.0,0.0,0.04,0.0,0.0,0.0,0.0,0.0,0.04
19,3,3,2,False,0.6201270295191257,0.5188420986919011,2,qEHVI,0.36,0.08,0.46,0.02,0.0,0.0,0.0,0.0,0.02,0.0,0.0,0.04,0.0,0.02,0.0
19,3,3,2,False,0.6201270295191257,0.5188420986919011,3,qUCB,0.44,0.08,0.38,0.0,0.04,0.0,0.0,0.0,0.0,0.0,0.0,0.0,0.0,0.04,0.02
19,3,3,2,False,0.6201270295191257,0.5188420986919011,4,qUCB,0.0,0.78,0.18,0.04,0.0,0.0,0.0,0.0,0.0,0.0,0.0,0.0,0.0,0.0,0.0
19,4,2,3,False,0.5194626831845757,0.5822577552261419,0,qEHVI,0.52,0.34,0.06,0.0,0.0,0.0,0.0,0.0,0.0,0.0,0.0,0.04,0.0,0.0,0.04
19,4,2,3,False,0.5194626831845757,0.5822577552261419,1,qEHVI,0.36,0.08,0.46,0.02,0.0,0.0,0.0,0.0,0.02,0.0,0.0,0.04,0.0,0.02,0.0
19,4,2,3,False,0.5194626831845757,0.5822577552261419,2,qUCB,0.44,0.08,0.38,0.0,0.04,0.0,0.0,0.0,0.0,0.0,0.0,0.0,0.0,0.04,0.02
19,4,2,3,False,0.5194626831845757,0.5822577552261419,3,qUCB,0.0,0.78,0.18,0.04,0.0,0.0,0.0,0.0,0.0,0.0,0.0,0.0,0.0,0.0,0.0
19,4,2,3,False,0.5194626831845757,0.5822577552261419,4,qUCB,0.02,0.72,0.2,0.0,0.04,0.0,0.0,0.0,0.02,0.0,0.0,0.0,0.0,0.0,0.0
19,5,1,4,False,0.5484348188286575,0.7170592140419101,0,qEHVI,0.52,0.34,0.06,0.0,0.0,0.0,0.0,0.0,0.0,0.0,0.0,0.04,0.0,0.0,0.04
19,5,1,4,False,0.5484348188286575,0.7170592140419101,1,qUCB,0.44,0.08,0.38,0.04,0.0,0.0,0.0,0.0,0.04,0.0,0.0,0.0,0.0,0.02,0.0
19,5,1,4,False,0.5484348188286575,0.7170592140419101,2,qUCB,0.74,0.0,0.16,0.0,0.02,0.0,0.0,0.0,0.04,0.0,0.0,0.0,0.0,0.04,0.0
19,5,1,4,False,0.5484348188286575,0.7170592140419101,3,qUCB,0.0,0.78,0.18,0.04,0.0,0.0,0.0,0.0,0.0,0.0,0.0,0.0,0.0,0.0,0.0
19,5,1,4,False,0.5484348188286575,0.7170592140419101,4,qUCB,0.06,0.22,0.62,0.04,0.0,0.0,0.0,0.0,0.04,0.0,0.0,0.0,0.0,0.02,0.0
19,6,0,5,False,0.3690953201378671,0.401322249422418,0,qUCB,0.46,0.12,0.36,0.0,0.0,0.0,0.0,0.0,0.04,0.0,0.0,0.0,0.0,0.02,0.0
19,6,0,5,False,0.3690953201378671,0.401322249422418,1,qUCB,0.0,0.78,0.18,0.04,0.0,0.0,0.0,0.0,0.0,0.0,0.0,0.0,0.0,0.0,0.0
19,6,0,5,False,0.3690953201378671,0.401322249422418,2,qUCB,0.78,0.0,0.16,0.0,0.0,0.0,0.0,0.0,0.02,0.0,0.0,0.02,0.0,0.02,0.0
19,6,0,5,False,0.3690953201378671,0.401322249422418,3,qUCB,0.34,0.0,0.62,0.0,0.0,0.0,0.0,0.0,0.04,0.0,0.0,0.0,0.0,0.0,0.0
19,6,0,5,False,0.3690953201378671,0.401322249422418,4,qUCB,0.4,0.12,0.38,0.04,0.0,0.0,0.0,0.0,0.0,0.0,0.0,0.04,0.0,0.0,0.02
20,1,5,0,True,0.4909470195507936,0.17073782263203263,0,qEHVI,0.52,0.3,0.08,0.0,0.02,0.0,0.0,0.0,0.0,0.0,0.0,0.04,0.0,0.0,0.04
20,1,5,0,True,0.4909470195507936,0.17073782263203263,1,qEHVI,0.6,0.24,0.06,0.0,0.02,0.0,0.0,0.0,0.0,0.0,0.0,0.04,0.0,0.0,0.04
20,1,5,0,True,0.4909470195507936,0.17073782263203263,2,qEHVI,0.42,0.12,0.36,0.0,0.02,0.0,0.0,0.0,0.04,0.0,0.0,0.0,0.0,0.04,0.0
20,1,5,0,True,0.4909470195507936,0.17073782263203263,3,qEHVI,0.42,0.06,0.44,0.04,0.0,0.0,0.0,0.0,0.02,0.0,0.0,0.0,0.0,0.02,0.0
20,1,5,0,True,0.4909470195507936,0.17073782263203263,4,qEHVI,0.36,0.14,0.4,0.04,0.02,0.0,0.0,0.0,0.02,0.0,0.0,0.0,0.0,0.02,0.0
20,2,4,1,False,0.44424605927218325,0.15722709258547418,0,qEHVI,0.52,0.3,0.08,0.0,0.02,0.0,0.0,0.0,0.0,0.0,0.0,0.04,0.0,0.0,0.04
20,2,4,1,False,0.44424605927218325,0.15722709258547418,1,qEHVI,0.6,0.24,0.06,0.0,0.02,0.0,0.0,0.0,0.0,0.0,0.0,0.04,0.0,0.0,0.04
20,2,4,1,False,0.44424605927218325,0.15722709258547418,2,qEHVI,0.42,0.12,0.36,0.0,0.02,0.0,0.0,0.0,0.04,0.0,0.0,0.0,0.0,0.04,0.0
20,2,4,1,False,0.44424605927218325,0.15722709258547418,3,qEHVI,0.42,0.06,0.44,0.04,0.0,0.0,0.0,0.0,0.02,0.0,0.0,0.0,0.0,0.02,0.0
20,2,4,1,False,0.44424605927218325,0.15722709258547418,4,qUCB,0.4,0.14,0.38,0.0,0.0,0.0,0.0,0.0,0.0,0.0,0.0,0.04,0.0,0.04,0.0
20,3,3,2,False,0.4318418865782361,0.18497127221877818,0,qEHVI,0.52,0.3,0.08,0.0,0.02,0.0,0.0,0.0,0.0,0.0,0.0,0.04,0.0,0.0,0.04
20,3,3,2,False,0.4318418865782361,0.18497127221877818,1,qEHVI,0.42,0.12,0.36,0.0,0.02,0.0,0.0,0.0,0.04,0.0,0.0,0.0,0.0,0.04,0.0
20,3,3,2,False,0.4318418865782361,0.18497127221877818,2,qEHVI,0.6,0.24,0.06,0.0,0.02,0.0,0.0,0.0,0.0,0.0,0.0,0.04,0.0,0.0,0.04
20,3,3,2,False,0.4318418865782361,0.18497127221877818,3,qUCB,0.4,0.14,0.4,0.04,0.02,0.0,0.0,0.0,0.0,0.0,0.0,0.0,0.0,0.0,0.0
20,3,3,2,False,0.4318418865782361,0.18497127221877818,4,qUCB,0.0,0.26,0.64,0.04,0.0,0.0,0.0,0.0,0.0,0.0,0.0,0.04,0.0,0.02,0.0
20,4,2,3,False,0.35612105133721683,0.3835341277511706,0,qEHVI,0.52,0.3,0.08,0.0,0.02,0.0,0.0,0.0,0.0,0.0,0.0,0.04,0.0,0.0,0.04
20,4,2,3,False,0.35612105133721683,0.3835341277511706,1,qEHVI,0.42,0.12,0.36,0.0,0.02,0.0,0.0,0.0,0.04,0.0,0.0,0.0,0.0,0.04,0.0
20,4,2,3,False,0.35612105133721683,0.3835341277511706,2,qUCB,0.4,0.14,0.4,0.04,0.02,0.0,0.0,0.0,0.0,0.0,0.0,0.0,0.0,0.0,0.0
20,4,2,3,False,0.35612105133721683,0.3835341277511706,3,qUCB,0.0,0.26,0.64,0.04,0.0,0.0,0.0,0.0,0.0,0.0,0.0,0.04,0.0,0.02,0.0
20,4,2,3,False,0.35612105133721683,0.3835341277511706,4,qUCB,0.3,0.0,0.64,0.04,0.0,0.0,0.0,0.0,0.0,0.0,0.0,0.02,0.0,0.0,0.0
20,5,1,4,False,0.2722823857530729,0.17427637275208152,0,qEHVI,0.52,0.3,0.08,0.0,0.02,0.0,0.0,0.0,0.0,0.0,0.0,0.04,0.0,0.0,0.04
20,5,1,4,False,0.2722823857530729,0.17427637275208152,1,qUCB,0.4,0.14,0.38,0.04,0.0,0.0,0.0,0.0,0.0,0.0,0.0,0.0,0.0,0.04,0.0
20,5,1,4,False,0.2722823857530729,0.17427637275208152,2,qUCB,0.0,0.3,0.62,0.04,0.0,0.0,0.0,0.0,0.04,0.0,0.0,0.0,0.0,0.0,0.0
20,5,1,4,False,0.2722823857530729,0.17427637275208152,3,qUCB,0.5,0.02,0.38,0.02,0.0,0.0,0.0,0.0,0.04,0.0,0.0,0.0,0.0,0.04,0.0
20,5,1,4,False,0.2722823857530729,0.17427637275208152,4,qUCB,0.12,0.16,0.62,0.04,0.02,0.0,0.0,0.0,0.0,0.0,0.0,0.0,0.0,0.04,0.0
20,6,0,5,False,0.2058983659723231,0.27160535953328946,0,qUCB,0.44,0.12,0.36,0.0,0.0,0.0,0.0,0.0,0.04,0.0,0.0,0.02,0.0,0.02,0.0
20,6,0,5,False,0.2058983659723231,0.27160535953328946,1,qUCB,0.4,0.14,0.4,0.04,0.02,0.0,0.0,0.0,0.0,0.0,0.0,0.0,0.0,0.0,0.0
20,6,0,5,False,0.2058983659723231,0.27160535953328946,2,qUCB,0.46,0.16,0.36,0.0,0.02,0.0,0.0,0.0,0.0,0.0,0.0,0.0,0.0,0.0,0.0
20,6,0,5,False,0.2058983659723231,0.27160535953328946,3,qUCB,0.44,0.08,0.38,0.02,0.04,0.0,0.0,0.0,0.0,0.0,0.0,0.0,0.0,0.0,0.04
20,6,0,5,False,0.2058983659723231,0.27160535953328946,4,qUCB,0.32,0.0,0.64,0.0,0.0,0.0,0.0,0.0,0.0,0.0,0.0,0.02,0.0,0.02,0.0
21,1,5,0,True,0.34582814259315436,0.05558126499172822,0,qEHVI,0.44,0.14,0.4,0.02,0.0,0.0,0.0,0.0,0.0,0.0,0.0,0.0,0.0,0.0,0.0
21,1,5,0,True,0.34582814259315436,0.05558126499172822,1,qEHVI,0.52,0.34,0.06,0.0,0.02,0.0,0.0,0.0,0.0,0.0,0.0,0.0,0.0,0.02,0.04
21,1,5,0,True,0.34582814259315436,0.05558126499172822,2,qEHVI,0.46,0.1,0.36,0.0,0.0,0.0,0.0,0.0,0.02,0.0,0.0,0.0,0.0,0.02,0.04
21,1,5,0,True,0.34582814259315436,0.05558126499172822,3,qEHVI,0.54,0.34,0.02,0.0,0.04,0.0,0.0,0.0,0.0,0.0,0.0,0.02,0.0,0.0,0.04
21,1,5,0,True,0.34582814259315436,0.05558126499172822,4,qEHVI,0.44,0.02,0.44,0.04,0.02,0.0,0.0,0.0,0.02,0.0,0.0,0.02,0.0,0.0,0.0
21,2,4,1,False,0.30802843438251176,0.2500726048515123,0,qEHVI,0.44,0.14,0.4,0.02,0.0,0.0,0.0,0.0,0.0,0.0,0.0,0.0,0.0,0.0,0.0
21,2,4,1,False,0.30802843438251176,0.2500726048515123,1,qEHVI,0.46,0.1,0.36,0.0,0.0,0.0,0.0,0.0,0.02,0.0,0.0,0.0,0.0,0.02,0.04
21,2,4,1,False,0.30802843438251176,0.2500726048515123,2,qEHVI,0.52,0.34,0.06,0.0,0.02,0.0,0.0,0.0,0.0,0.0,0.0,0.0,0.0,0.02,0.04
21,2,4,1,False,0.30802843438251176,0.2500726048515123,3,qEHVI,0.6,0.3,0.04,0.0,0.02,0.0,0.0,0.0,0.0,0.0,0.0,0.0,0.0,0.0,0.04
21,2,4,1,False,0.30802843438251176,0.2500726048515123,4,qUCB,0.38,0.1,0.42,0.0,0.04,0.0,0.0,0.0,0.04,0.0,0.0,0.02,0.0,0.0,0.0
21,3,3,2,False,0.2542098376540667,0.3737042647907991,0,qEHVI,0.44,0.14,0.4,0.02,0.0,0.0,0.0,0.0,0.0,0.0,0.0,0.0,0.0,0.0,0.0
21,3,3,2,False,0.2542098376540667,0.3737042647907991,1,qEHVI,0.46,0.1,0.36,0.0,0.0,0.0,0.0,0.0,0.02,0.0,0.0,0.0,0.0,0.02,0.04
21,3,3,2,False,0.2542098376540667,0.3737042647907991,2,qEHVI,0.52,0.34,0.06,0.0,0.02,0.0,0.0,0.0,0.0,0.0,0.0,0.0,0.0,0.02,0.04
21,3,3,2,False,0.2542098376540667,0.3737042647907991,3,qUCB,0.38,0.1,0.42,0.0,0.04,0.0,0.0,0.0,0.04,0.0,0.0,0.02,0.0,0.0,0.0
21,3,3,2,False,0.2542098376540667,0.3737042647907991,4,qUCB,0.4,0.44,0.06,0.0,0.02,0.0,0.0,0.0,0.04,0.0,0.0,0.04,0.0,0.0,0.0
21,4,2,3,False,0.22464170697831898,0.28912333786055733,0,qEHVI,0.44,0.14,0.4,0.02,0.0,0.0,0.0,0.0,0.0,0.0,0.0,0.0,0.0,0.0,0.0
21,4,2,3,False,0.22464170697831898,0.28912333786055733,1,qEHVI,0.52,0.34,0.06,0.0,0.02,0.0,0.0,0.0,0.0,0.0,0.0,0.0,0.0,0.02,0.04
21,4,2,3,False,0.22464170697831898,0.28912333786055733,2,qUCB,0.54,0.3,0.06,0.0,0.0,0.0,0.0,0.0,0.02,0.0,0.0,0.04,0.0,0.04,0.0
21,4,2,3,False,0.22464170697831898,0.28912333786055733,3,qUCB,0.4,0.44,0.06,0.0,0.02,0.0,0.0,0.0,0.04,0.0,0.0,0.04,0.0,0.0,0.0
21,4,2,3,False,0.22464170697831898,0.28912333786055733,4,qUCB,0.38,0.1,0.42,0.0,0.04,0.0,0.0,0.0,0.04,0.0,0.0,0.02,0.0,0.0,0.0
21,5,1,4,False,0.24540748381156582,0.3158613393235026,0,qEHVI,0.44,0.14,0.4,0.02,0.0,0.0,0.0,0.0,0.0,0.0,0.0,0.0,0.0,0.0,0.0
21,5,1,4,False,0.24540748381156582,0.3158613393235026,1,qUCB,0.42,0.44,0.04,0.0,0.0,0.0,0.0,0.0,0.04,0.0,0.0,0.02,0.0,0.0,0.04
21,5,1,4,False,0.24540748381156582,0.3158613393235026,2,qUCB,0.4,0.14,0.36,0.0,0.04,0.0,0.0,0.0,0.0,0.0,0.0,0.02,0.0,0.04,0.0
21,5,1,4,False,0.24540748381156582,0.3158613393235026,3,qUCB,0.74,0.0,0.16,0.0,0.04,0.0,0.0,0.0,0.04,0.0,0.0,0.0,0.0,0.02,0.0
21,5,1,4,False,0.24540748381156582,0.3158613393235026,4,qUCB,0.54,0.3,0.06,0.0,0.0,0.0,0.0,0.0,0.02,0.0,0.0,0.04,0.0,0.04,0.0
21,6,0,5,False,0.22867973660680024,0.7174457848491285,0,qUCB,0.4,0.1,0.4,0.04,0.0,0.0,0.0,0.0,0.02,0.0,0.0,0.0,0.0,0.0,0.04
21,6,0,5,False,0.22867973660680024,0.7174457848491285,1,qUCB,0.46,0.12,0.36,0.0,0.02,0.0,0.0,0.0,0.04,0.0,0.0,0.0,0.0,0.0,0.0
21,6,0,5,False,0.22867973660680024,0.7174457848491285,2,qUCB,0.0,0.28,0.64,0.04,0.02,0.0,0.0,0.0,0.0,0.0,0.0,0.02,0.0,0.0,0.0
21,6,0,5,False,0.22867973660680024,0.7174457848491285,3,qUCB,0.42,0.12,0.38,0.04,0.0,0.0,0.0,0.0,0.0,0.0,0.0,0.04,0.0,0.0,0.0
21,6,0,5,False,0.22867973660680024,0.7174457848491285,4,qUCB,0.28,0.0,0.64,0.0,0.02,0.0,0.0,0.0,0.0,0.0,0.0,0.02,0.0,0.02,0.02
22,1,5,0,True,0.2860354612009137,0.21741642038758613,0,qEHVI,0.56,0.32,0.04,0.0,0.02,0.0,0.0,0.0,0.02,0.0,0.0,0.0,0.0,0.0,0.04
22,1,5,0,True,0.2860354612009137,0.21741642038758613,1,qEHVI,0.48,0.06,0.36,0.0,0.0,0.0,0.0,0.0,0.04,0.0,0.0,0.02,0.0,0.0,0.04
22,1,5,0,True,0.2860354612009137,0.21741642038758613,2,qEHVI,0.52,0.32,0.06,0.0,0.02,0.0,0.0,0.0,0.0,0.0,0.0,0.04,0.0,0.0,0.04
22,1,5,0,True,0.2860354612009137,0.21741642038758613,3,qEHVI,0.36,0.16,0.38,0.04,0.0,0.0,0.0,0.0,0.0,0.0,0.0,0.04,0.0,0.0,0.02
22,1,5,0,True,0.2860354612009137,0.21741642038758613,4,qEHVI,0.36,0.08,0.46,0.04,0.02,0.0,0.0,0.0,0.0,0.0,0.0,0.04,0.0,0.0,0.0
22,2,4,1,False,0.2504298850376792,0.20924423372441048,0,qEHVI,0.56,0.32,0.04,0.0,0.02,0.0,0.0,0.0,0.02,0.0,0.0,0.0,0.0,0.0,0.04
22,2,4,1,False,0.2504298850376792,0.20924423372441048,1,qEHVI,0.48,0.06,0.36,0.0,0.0,0.0,0.0,0.0,0.04,0.0,0.0,0.02,0.0,0.0,0.04
22,2,4,1,False,0.2504298850376792,0.20924423372441048,2,qEHVI,0.52,0.32,0.06,0.0,0.02,0.0,0.0,0.0,0.0,0.0,0.0,0.04,0.0,0.0,0.04
22,2,4,1,False,0.2504298850376792,0.20924423372441048,3,qEHVI,0.36,0.16,0.38,0.04,0.0,0.0,0.0,0.0,0.0,0.0,0.0,0.04,0.0,0.0,0.02
22,2,4,1,False,0.2504298850376792,0.20924423372441048,4,qUCB,0.46,0.02,0.42,0.02,0.04,0.0,0.0,0.0,0.0,0.0,0.0,0.0,0.0,0.04,0.0
22,3,3,2,False,0.24869246019108884,0.09149095727747714,0,qEHVI,0.56,0.32,0.04,0.0,0.02,0.0,0.0,0.0,0.02,0.0,0.0,0.0,0.0,0.0,0.04
22,3,3,2,False,0.24869246019108884,0.09149095727747714,1,qEHVI,0.48,0.06,0.36,0.0,0.0,0.0,0.0,0.0,0.04,0.0,0.0,0.02,0.0,0.0,0.04
22,3,3,2,False,0.24869246019108884,0.09149095727747714,2,qEHVI,0.52,0.32,0.06,0.0,0.02,0.0,0.0,0.0,0.0,0.0,0.0,0.04,0.0,0.0,0.04
22,3,3,2,False,0.24869246019108884,0.09149095727747714,3,qUCB,0.4,0.12,0.4,0.04,0.0,0.0,0.0,0.0,0.0,0.0,0.0,0.0,0.0,0.04,0.0
22,3,3,2,False,0.24869246019108884,0.09149095727747714,4,qUCB,0.18,0.08,0.64,0.04,0.0,0.0,0.0,0.0,0.0,0.0,0.0,0.02,0.0,0.04,0.0
22,4,2,3,False,0.222692202123334,0.30470020120132446,0,qEHVI,0.56,0.32,0.04,0.0,0.02,0.0,0.0,0.0,0.02,0.0,0.0,0.0,0.0,0.0,0.04
22,4,2,3,False,0.222692202123334,0.30470020120132446,1,qEHVI,0.48,0.06,0.36,0.0,0.0,0.0,0.0,0.0,0.04,0.0,0.0,0.02,0.0,0.0,0.04
22,4,2,3,False,0.222692202123334,0.30470020120132446,2,qUCB,0.4,0.12,0.4,0.04,0.0,0.0,0.0,0.0,0.0,0.0,0.0,0.0,0.0,0.04,0.0
22,4,2,3,False,0.222692202123334,0.30470020120132446,3,qUCB,0.04,0.22,0.64,0.04,0.02,0.0,0.0,0.0,0.0,0.0,0.0,0.04,0.0,0.0,0.0
22,4,2,3,False,0.222692202123334,0.30470020120132446,4,qUCB,0.18,0.08,0.64,0.04,0.0,0.0,0.0,0.0,0.0,0.0,0.0,0.02,0.0,0.04,0.0
22,5,1,4,False,0.17977727823602535,0.039159956925921335,0,qEHVI,0.56,0.32,0.04,0.0,0.02,0.0,0.0,0.0,0.02,0.0,0.0,0.0,0.0,0.0,0.04
22,5,1,4,False,0.17977727823602535,0.039159956925921335,1,qUCB,0.4,0.12,0.4,0.04,0.0,0.0,0.0,0.0,0.0,0.0,0.0,0.0,0.0,0.04,0.0
22,5,1,4,False,0.17977727823602535,0.039159956925921335,2,qUCB,0.48,0.02,0.4,0.04,0.0,0.0,0.0,0.0,0.0,0.0,0.0,0.04,0.0,0.02,0.0
22,5,1,4,False,0.17977727823602535,0.039159956925921335,3,qUCB,0.04,0.22,0.64,0.04,0.02,0.0,0.0,0.0,0.0,0.0,0.0,0.04,0.0,0.0,0.0
22,5,1,4,False,0.17977727823602535,0.039159956925921335,4,qUCB,0.18,0.08,0.64,0.04,0.0,0.0,0.0,0.0,0.0,0.0,0.0,0.02,0.0,0.04,0.0
22,6,0,5,False,0.1374273128975581,0.14444351375281173,0,qUCB,0.4,0.12,0.4,0.04,0.0,0.0,0.0,0.0,0.0,0.0,0.0,0.0,0.0,0.04,0.0
22,6,0,5,False,0.1374273128975581,0.14444351375281173,1,qUCB,0.42,0.12,0.36,0.04,0.0,0.0,0.0,0.0,0.02,0.0,0.0,0.04,0.0,0.0,0.0
22,6,0,5,False,0.1374273128975581,0.14444351375281173,2,qUCB,0.42,0.08,0.4,0.0,0.0,0.0,0.0,0.0,0.02,0.0,0.0,0.04,0.0,0.0,0.04
22,6,0,5,False,0.1374273128975581,0.14444351375281173,3,qUCB,0.3,0.0,0.66,0.04,0.0,0.0,0.0,0.0,0.0,0.0,0.0,0.0,0.0,0.0,0.0
22,6,0,5,False,0.1374273128975581,0.14444351375281173,4,qUCB,0.32,0.0,0.62,0.0,0.0,0.0,0.0,0.0,0.02,0.0,0.0,0.02,0.0,0.02,0.0
23,1,5,0,True,0.2707002158701516,0.13696965970033403,0,qEHVI,0.38,0.12,0.4,0.02,0.0,0.0,0.0,0.0,0.0,0.0,0.0,0.04,0.0,0.04,0.0
23,1,5,0,True,0.2707002158701516,0.13696965970033403,1,qEHVI,0.62,0.28,0.04,0.0,0.0,0.0,0.0,0.0,0.02,0.0,0.0,0.0,0.0,0.0,0.04
23,1,5,0,True,0.2707002158701516,0.13696965970033403,2,qEHVI,0.66,0.0,0.3,0.0,0.0,0.0,0.0,0.0,0.02,0.0,0.0,0.02,0.0,0.0,0.0
23,1,5,0,True,0.2707002158701516,0.13696965970033403,3,qEHVI,0.38,0.08,0.46,0.0,0.04,0.0,0.0,0.0,0.04,0.0,0.0,0.0,0.0,0.0,0.0
23,1,5,0,True,0.2707002158701516,0.13696965970033403,4,qEHVI,0.42,0.1,0.38,0.04,0.04,0.0,0.0,0.0,0.0,0.0,0.0,0.0,0.0,0.02,0.0
23,2,4,1,False,0.2804605834014042,0.26832954068779813,0,qEHVI,0.38,0.12,0.4,0.02,0.0,0.0,0.0,0.0,0.0,0.0,0.0,0.04,0.0,0.04,0.0
23,2,4,1,False,0.2804605834014042,0.26832954068779813,1,qEHVI,0.62,0.28,0.04,0.0,0.0,0.0,0.0,0.0,0.02,0.0,0.0,0.0,0.0,0.0,0.04
23,2,4,1,False,0.2804605834014042,0.26832954068779813,2,qEHVI,0.66,0.0,0.3,0.0,0.0,0.0,0.0,0.0,0.02,0.0,0.0,0.02,0.0,0.0,0.0
23,2,4,1,False,0.2804605834014042,0.26832954068779813,3,qEHVI,0.38,0.08,0.46,0.0,0.04,0.0,0.0,0.0,0.04,0.0,0.0,0.0,0.0,0.0,0.0
23,2,4,1,False,0.2804605834014042,0.26832954068779813,4,qUCB,0.42,0.1,0.38,0.04,0.04,0.0,0.0,0.0,0.0,0.0,0.0,0.0,0.0,0.02,0.0
23,3,3,2,False,0.27510918361379655,0.2594272411874403,0,qEHVI,0.38,0.12,0.4,0.02,0.0,0.0,0.0,0.0,0.0,0.0,0.0,0.04,0.0,0.04,0.0
23,3,3,2,False,0.27510918361379655,0.2594272411874403,1,qEHVI,0.62,0.28,0.04,0.0,0.0,0.0,0.0,0.0,0.02,0.0,0.0,0.0,0.0,0.0,0.04
23,3,3,2,False,0.27510918361379655,0.2594272411874403,2,qEHVI,0.66,0.0,0.3,0.0,0.0,0.0,0.0,0.0,0.02,0.0,0.0,0.02,0.0,0.0,0.0
23,3,3,2,False,0.27510918361379655,0.2594272411874403,3,qUCB,0.42,0.1,0.38,0.04,0.04,0.0,0.0,0.0,0.0,0.0,0.0,0.0,0.0,0.02,0.0
23,3,3,2,False,0.27510918361379655,0.2594272411874403,4,qUCB,0.0,0.26,0.64,0.04,0.02,0.0,0.0,0.0,0.04,0.0,0.0,0.0,0.0,0.0,0.0
23,4,2,3,False,0.21742681397942862,0.33301847818402974,0,qEHVI,0.38,0.12,0.4,0.02,0.0,0.0,0.0,0.0,0.0,0.0,0.0,0.04,0.0,0.04,0.0
23,4,2,3,False,0.21742681397942862,0.33301847818402974,1,qEHVI,0.62,0.28,0.04,0.0,0.0,0.0,0.0,0.0,0.02,0.0,0.0,0.0,0.0,0.0,0.04
23,4,2,3,False,0.21742681397942862,0.33301847818402974,2,qUCB,0.42,0.12,0.36,0.04,0.04,0.0,0.0,0.0,0.02,0.0,0.0,0.0,0.0,0.0,0.0
23,4,2,3,False,0.21742681397942862,0.33301847818402974,3,qUCB,0.0,0.26,0.64,0.04,0.02,0.0,0.0,0.0,0.04,0.0,0.0,0.0,0.0,0.0,0.0
23,4,2,3,False,0.21742681397942862,0.33301847818402974,4,qUCB,0.08,0.28,0.54,0.04,0.04,0.0,0.0,0.0,0.02,0.0,0.0,0.0,0.0,0.0,0.0
23,5,1,4,False,0.17877166897875507,0.2953522756526308,0,qEHVI,0.38,0.12,0.4,0.02,0.0,0.0,0.0,0.0,0.0,0.0,0.0,0.04,0.0,0.04,0.0
23,5,1,4,False,0.17877166897875507,0.2953522756526308,1,qUCB,0.44,0.12,0.36,0.0,0.04,0.0,0.0,0.0,0.04,0.0,0.0,0.0,0.0,0.0,0.0
23,5,1,4,False,0.17877166897875507,0.2953522756526308,2,qUCB,0.76,0.0,0.14,0.0,0.04,0.0,0.0,0.0,0.04,0.0,0.0,0.0,0.0,0.0,0.02
23,5,1,4,False,0.17877166897875507,0.2953522756526308,3,qUCB,0.58,0.24,0.08,0.0,0.02,0.0,0.0,0.0,0.04,0.0,0.0,0.0,0.0,0.0,0.04
23,5,1,4,False,0.17877166897875507,0.2953522756526308,4,qUCB,0.0,0.28,0.64,0.0,0.0,0.0,0.0,0.0,0.04,0.0,0.0,0.0,0.0,0.0,0.04
23,6,0,5,False,0.17855959558177922,0.12552901884832912,0,qUCB,0.4,0.12,0.4,0.04,0.0,0.0,0.0,0.0,0.04,0.0,0.0,0.0,0.0,0.0,0.0
23,6,0,5,False,0.17855959558177922,0.12552901884832912,1,qUCB,0.38,0.12,0.4,0.02,0.0,0.0,0.0,0.0,0.0,0.0,0.0,0.04,0.0,0.04,0.0
23,6,0,5,False,0.17855959558177922,0.12552901884832912,2,qUCB,0.32,0.02,0.64,0.0,0.0,0.0,0.0,0.0,0.0,0.0,0.0,0.0,0.0,0.02,0.0
23,6,0,5,False,0.17855959558177922,0.12552901884832912,3,qUCB,0.0,0.26,0.64,0.04,0.02,0.0,0.0,0.0,0.04,0.0,0.0,0.0,0.0,0.0,0.0
23,6,0,5,False,0.17855959558177922,0.12552901884832912,4,qUCB,0.22,0.06,0.64,0.0,0.02,0.0,0.0,0.0,0.02,0.0,0.0,0.02,0.0,0.02,0.0
24,1,5,0,True,0.4412751273892855,0.14882644356898744,0,qEHVI,0.4,0.14,0.38,0.0,0.04,0.0,0.0,0.0,0.0,0.0,0.0,0.04,0.0,0.0,0.0
24,1,5,0,True,0.4412751273892855,0.14882644356898744,1,qEHVI,0.7000000000000001,0.16,0.04,0.0,0.0,0.0,0.0,0.0,0.0,0.0,0.0,0.04,0.0,0.02,0.04
24,1,5,0,True,0.4412751273892855,0.14882644356898744,2,qEHVI,0.58,0.22,0.1,0.0,0.04,0.0,0.0,0.0,0.0,0.0,0.0,0.04,0.0,0.02,0.0
24,1,5,0,True,0.4412751273892855,0.14882644356898744,3,qEHVI,0.38,0.16,0.38,0.02,0.04,0.0,0.0,0.0,0.0,0.0,0.0,0.0,0.0,0.02,0.0
24,1,5,0,True,0.4412751273892855,0.14882644356898744,4,qEHVI,0.54,0.38,0.02,0.0,0.0,0.0,0.0,0.0,0.0,0.0,0.0,0.0,0.0,0.02,0.04
24,2,4,1,False,0.40535360936432957,0.24470511209496948,0,qEHVI,0.4,0.14,0.38,0.0,0.04,0.0,0.0,0.0,0.0,0.0,0.0,0.04,0.0,0.0,0.0
24,2,4,1,False,0.40535360936432957,0.24470511209496948,1,qEHVI,0.7000000000000001,0.16,0.04,0.0,0.0,0.0,0.0,0.0,0.0,0.0,0.0,0.04,0.0,0.02,0.04
24,2,4,1,False,0.40535360936432957,0.24470511209496948,2,qEHVI,0.58,0.22,0.1,0.0,0.04,0.0,0.0,0.0,0.0,0.0,0.0,0.04,0.0,0.02,0.0
24,2,4,1,False,0.40535360936432957,0.24470511209496948,3,qEHVI,0.38,0.16,0.38,0.02,0.04,0.0,0.0,0.0,0.0,0.0,0.0,0.0,0.0,0.02,0.0
24,2,4,1,False,0.40535360936432957,0.24470511209496948,4,qUCB,0.42,0.08,0.4,0.04,0.0,0.0,0.0,0.0,0.04,0.0,0.0,0.0,0.0,0.0,0.02
24,3,3,2,False,0.3769975070761531,0.17878307097728285,0,qEHVI,0.4,0.14,0.38,0.0,0.04,0.0,0.0,0.0,0.0,0.0,0.0,0.04,0.0,0.0,0.0
24,3,3,2,False,0.3769975070761531,0.17878307097728285,1,qEHVI,0.7000000000000001,0.16,0.04,0.0,0.0,0.0,0.0,0.0,0.0,0.0,0.0,0.04,0.0,0.02,0.04
24,3,3,2,False,0.3769975070761531,0.17878307097728285,2,qEHVI,0.58,0.22,0.1,0.0,0.04,0.0,0.0,0.0,0.0,0.0,0.0,0.04,0.0,0.02,0.0
24,3,3,2,False,0.3769975070761531,0.17878307097728285,3,qUCB,0.42,0.08,0.4,0.04,0.0,0.0,0.0,0.0,0.04,0.0,0.0,0.0,0.0,0.0,0.02
24,3,3,2,False,0.3769975070761531,0.17878307097728285,4,qUCB,0.04,0.24,0.62,0.04,0.0,0.0,0.0,0.0,0.04,0.0,0.0,0.0,0.0,0.0,0.02
24,4,2,3,False,0.29795671545209945,0.35580996701572976,0,qEHVI,0.4,0.14,0.38,0.0,0.04,0.0,0.0,0.0,0.0,0.0,0.0,0.04,0.0,0.0,0.0
24,4,2,3,False,0.29795671545209945,0.35580996701572976,1,qEHVI,0.7000000000000001,0.16,0.04,0.0,0.0,0.0,0.0,0.0,0.0,0.0,0.0,0.04,0.0,0.02,0.04
24,4,2,3,False,0.29795671545209945,0.35580996701572976,2,qUCB,0.42,0.08,0.4,0.04,0.0,0.0,0.0,0.0,0.04,0.0,0.0,0.0,0.0,0.0,0.02
24,4,2,3,False,0.29795671545209945,0.35580996701572976,3,qUCB,0.04,0.24,0.62,0.04,0.0,0.0,0.0,0.0,0.04,0.0,0.0,0.0,0.0,0.0,0.02
24,4,2,3,False,0.29795671545209945,0.35580996701572976,4,qUCB,0.24,0.0,0.66,0.04,0.0,0.0,0.0,0.0,0.04,0.0,0.0,0.0,0.0,0.02,0.0
24,5,1,4,False,0.24609033307271097,0.3896340292698275,0,qEHVI,0.4,0.14,0.38,0.0,0.04,0.0,0.0,0.0,0.0,0.0,0.0,0.04,0.0,0.0,0.0
24,5,1,4,False,0.24609033307271097,0.3896340292698275,1,qUCB,0.42,0.08,0.4,0.04,0.0,0.0,0.0,0.0,0.04,0.0,0.0,0.0,0.0,0.0,0.02
24,5,1,4,False,0.24609033307271097,0.3896340292698275,2,qUCB,0.74,0.02,0.14,0.0,0.0,0.0,0.0,0.0,0.02,0.0,0.0,0.0,0.0,0.04,0.04
24,5,1,4,False,0.24609033307271097,0.3896340292698275,3,qUCB,0.04,0.24,0.62,0.04,0.0,0.0,0.0,0.0,0.04,0.0,0.0,0.0,0.0,0.0,0.02
24,5,1,4,False,0.24609033307271097,0.3896340292698275,4,qUCB,0.3,0.56,0.04,0.0,0.0,0.0,0.0,0.0,0.04,0.0,0.0,0.0,0.0,0.04,0.02
24,6,0,5,False,0.327274850976707,0.1351873557591311,0,qUCB,0.4,0.1,0.4,0.04,0.04,0.0,0.0,0.0,0.0,0.0,0.0,0.02,0.0,0.0,0.0
24,6,0,5,False,0.327274850976707,0.1351873557591311,1,qUCB,0.4,0.14,0.38,0.0,0.04,0.0,0.0,0.0,0.0,0.0,0.0,0.04,0.0,0.0,0.0
24,6,0,5,False,0.327274850976707,0.1351873557591311,2,qUCB,0.0,0.26,0.64,0.04,0.02,0.0,0.0,0.0,0.0,0.0,0.0,0.0,0.0,0.04,0.0
24,6,0,5,False,0.327274850976707,0.1351873557591311,3,qUCB,0.78,0.0,0.16,0.0,0.0,0.0,0.0,0.0,0.02,0.0,0.0,0.0,0.0,0.04,0.0
24,6,0,5,False,0.327274850976707,0.1351873557591311,4,qUCB,0.02,0.32,0.66,0.0,0.0,0.0,0.0,0.0,0.0,0.0,0.0,0.0,0.0,0.0,0.0
25,1,5,0,True,0.310321513033053,0.1265280667911206,0,qEHVI,0.38,0.14,0.38,0.04,0.02,0.0,0.0,0.0,0.02,0.0,0.0,0.0,0.0,0.02,0.0
25,1,5,0,True,0.310321513033053,0.1265280667911206,1,qEHVI,0.56,0.3,0.04,0.0,0.02,0.0,0.0,0.0,0.04,0.0,0.0,0.0,0.0,0.0,0.04
25,1,5,0,True,0.310321513033053,0.1265280667911206,2,qEHVI,0.34,0.16,0.4,0.02,0.04,0.0,0.0,0.0,0.0,0.0,0.0,0.04,0.0,0.0,0.0
25,1,5,0,True,0.310321513033053,0.1265280667911206,3,qEHVI,0.42,0.04,0.44,0.02,0.02,0.0,0.0,0.0,0.04,0.0,0.0,0.0,0.0,0.02,0.0
25,1,5,0,True,0.310321513033053,0.1265280667911206,4,qEHVI,0.48,0.1,0.36,0.0,0.0,0.0,0.0,0.0,0.04,0.0,0.0,0.02,0.0,0.0,0.0
25,2,4,1,False,0.3076732537515483,0.16565134352380362,0,qEHVI,0.38,0.14,0.38,0.04,0.02,0.0,0.0,0.0,0.02,0.0,0.0,0.0,0.0,0.02,0.0
25,2,4,1,False,0.3076732537515483,0.16565134352380362,1,qEHVI,0.34,0.16,0.4,0.02,0.04,0.0,0.0,0.0,0.0,0.0,0.0,0.04,0.0,0.0,0.0
25,2,4,1,False,0.3076732537515483,0.16565134352380362,2,qEHVI,0.56,0.3,0.04,0.0,0.02,0.0,0.0,0.0,0.04,0.0,0.0,0.0,0.0,0.0,0.04
25,2,4,1,False,0.3076732537515483,0.16565134352380362,3,qEHVI,0.42,0.04,0.44,0.02,0.02,0.0,0.0,0.0,0.04,0.0,0.0,0.0,0.0,0.02,0.0
25,2,4,1,False,0.3076732537515483,0.16565134352380362,4,qUCB,0.4,0.14,0.36,0.0,0.0,0.0,0.0,0.0,0.0,0.0,0.0,0.02,0.0,0.04,0.04
25,3,3,2,False,0.262202542880081,0.04703425743036682,0,qEHVI,0.38,0.14,0.38,0.04,0.02,0.0,0.0,0.0,0.02,0.0,0.0,0.0,0.0,0.02,0.0
25,3,3,2,False,0.262202542880081,0.04703425743036682,1,qEHVI,0.34,0.16,0.4,0.02,0.04,0.0,0.0,0.0,0.0,0.0,0.0,0.04,0.0,0.0,0.0
25,3,3,2,False,0.262202542880081,0.04703425743036682,2,qEHVI,0.56,0.3,0.04,0.0,0.02,0.0,0.0,0.0,0.04,0.0,0.0,0.0,0.0,0.0,0.04
25,3,3,2,False,0.262202542880081,0.04703425743036682,3,qUCB,0.4,0.14,0.36,0.0,0.0,0.0,0.0,0.0,0.0,0.0,0.0,0.02,0.0,0.04,0.04
25,3,3,2,False,0.262202542880081,0.04703425743036682,4,qUCB,0.0,0.26,0.64,0.0,0.0,0.0,0.0,0.0,0.0,0.0,0.0,0.04,0.0,0.04,0.02
25,4,2,3,False,0.21449252126798876,0.10585980883794122,0,qEHVI,0.38,0.14,0.38,0.04,0.02,0.0,0.0,0.0,0.02,0.0,0.0,0.0,0.0,0.02,0.0
25,4,2,3,False,0.21449252126798876,0.10585980883794122,1,qEHVI,0.34,0.16,0.4,0.02,0.04,0.0,0.0,0.0,0.0,0.0,0.0,0.04,0.0,0.0,0.0
25,4,2,3,False,0.21449252126798876,0.10585980883794122,2,qUCB,0.4,0.14,0.36,0.0,0.0,0.0,0.0,0.0,0.0,0.0,0.0,0.02,0.0,0.04,0.04
25,4,2,3,False,0.21449252126798876,0.10585980883794122,3,qUCB,0.72,0.04,0.14,0.0,0.0,0.0,0.0,0.0,0.04,0.0,0.0,0.02,0.0,0.0,0.04
25,4,2,3,False,0.21449252126798876,0.10585980883794122,4,qUCB,0.28,0.0,0.62,0.0,0.0,0.0,0.0,0.0,0.04,0.0,0.0,0.02,0.0,0.0,0.04
25,5,1,4,False,0.1694029981507691,0.04526362557917807,0,qEHVI,0.38,0.14,0.38,0.04,0.02,0.0,0.0,0.0,0.02,0.0,0.0,0.0,0.0,0.02,0.0
25,5,1,4,False,0.1694029981507691,0.04526362557917807,1,qUCB,0.62,0.26,0.04,0.0,0.0,0.0,0.0,0.0,0.0,0.0,0.0,0.04,0.0,0.0,0.04
25,5,1,4,False,0.1694029981507691,0.04526362557917807,2,qUCB,0.4,0.14,0.38,0.0,0.0,0.0,0.0,0.0,0.0,0.0,0.0,0.04,0.0,0.0,0.04
25,5,1,4,False,0.1694029981507691,0.04526362557917807,3,qUCB,0.26,0.0,0.64,0.0,0.0,0.0,0.0,0.0,0.0,0.0,0.0,0.04,0.0,0.02,0.04
25,5,1,4,False,0.1694029981507691,0.04526362557917807,4,qUCB,0.24,0.04,0.62,0.0,0.0,0.0,0.0,0.0,0.02,0.0,0.0,0.04,0.0,0.0,0.04
25,6,0,5,False,0.21378867775902652,0.07536907724821973,0,qUCB,0.42,0.12,0.36,0.02,0.04,0.0,0.0,0.0,0.0,0.0,0.0,0.02,0.0,0.02,0.0
25,6,0,5,False,0.21378867775902652,0.07536907724821973,1,qUCB,0.8200000000000001,0.0,0.16,0.0,0.0,0.0,0.0,0.0,0.0,0.0,0.0,0.0,0.0,0.0,0.02
25,6,0,5,False,0.21378867775902652,0.07536907724821973,2,qUCB,0.02,0.28,0.64,0.04,0.0,0.0,0.0,0.0,0.0,0.0,0.0,0.02,0.0,0.0,0.0
25,6,0,5,False,0.21378867775902652,0.07536907724821973,3,qUCB,0.38,0.12,0.4,0.0,0.04,0.0,0.0,0.0,0.02,0.0,0.0,0.04,0.0,0.0,0.0
25,6,0,5,False,0.21378867775902652,0.07536907724821973,4,qUCB,0.32,0.0,0.64,0.0,0.02,0.0,0.0,0.0,0.0,0.0,0.0,0.0,0.0,0.0,0.02
26,1,5,0,True,0.43640412061820805,0.07614139407452214,0,qEHVI,0.68,0.18,0.04,0.0,0.0,0.0,0.0,0.0,0.02,0.0,0.0,0.04,0.0,0.0,0.04
26,1,5,0,True,0.43640412061820805,0.07614139407452214,1,qEHVI,0.34,0.16,0.4,0.04,0.0,0.0,0.0,0.0,0.04,0.0,0.0,0.02,0.0,0.0,0.0
26,1,5,0,True,0.43640412061820805,0.07614139407452214,2,qEHVI,0.38,0.14,0.38,0.02,0.04,0.0,0.0,0.0,0.0,0.0,0.0,0.0,0.0,0.02,0.02
26,1,5,0,True,0.43640412061820805,0.07614139407452214,3,qEHVI,0.42,0.04,0.44,0.0,0.04,0.0,0.0,0.0,0.0,0.0,0.0,0.04,0.0,0.02,0.0
26,1,5,0,True,0.43640412061820805,0.07614139407452214,4,qEHVI,0.42,0.12,0.36,0.0,0.02,0.0,0.0,0.0,0.0,0.0,0.0,0.04,0.0,0.04,0.0
26,2,4,1,False,0.43898728266699133,0.3834233746361271,0,qEHVI,0.68,0.18,0.04,0.0,0.0,0.0,0.0,0.0,0.02,0.0,0.0,0.04,0.0,0.0,0.04
26,2,4,1,False,0.43898728266699133,0.3834233746361271,1,qEHVI,0.34,0.16,0.4,0.04,0.0,0.0,0.0,0.0,0.04,0.0,0.0,0.02,0.0,0.0,0.0
26,2,4,1,False,0.43898728266699133,0.3834233746361271,2,qEHVI,0.38,0.14,0.38,0.02,0.04,0.0,0.0,0.0,0.0,0.0,0.0,0.0,0.0,0.02,0.02
26,2,4,1,False,0.43898728266699133,0.3834233746361271,3,qEHVI,0.44,0.02,0.44,0.02,0.04,0.0,0.0,0.0,0.04,0.0,0.0,0.0,0.0,0.0,0.0
26,2,4,1,False,0.43898728266699133,0.3834233746361271,4,qUCB,0.42,0.12,0.36,0.0,0.02,0.0,0.0,0.0,0.0,0.0,0.0,0.04,0.0,0.04,0.0
26,3,3,2,False,0.4047708874613563,0.3461259551409892,0,qEHVI,0.68,0.18,0.04,0.0,0.0,0.0,0.0,0.0,0.02,0.0,0.0,0.04,0.0,0.0,0.04
26,3,3,2,False,0.4047708874613563,0.3461259551409892,1,qEHVI,0.34,0.16,0.4,0.04,0.0,0.0,0.0,0.0,0.04,0.0,0.0,0.02,0.0,0.0,0.0
26,3,3,2,False,0.4047708874613563,0.3461259551409892,2,qEHVI,0.38,0.14,0.38,0.02,0.04,0.0,0.0,0.0,0.0,0.0,0.0,0.0,0.0,0.02,0.02
26,3,3,2,False,0.4047708874613563,0.3461259551409892,3,qUCB,0.42,0.12,0.36,0.0,0.02,0.0,0.0,0.0,0.0,0.0,0.0,0.04,0.0,0.04,0.0
26,3,3,2,False,0.4047708874613563,0.3461259551409892,4,qUCB,0.74,0.02,0.16,0.0,0.0,0.0,0.0,0.0,0.02,0.0,0.0,0.02,0.0,0.04,0.0
26,4,2,3,False,0.3112856217166582,0.09650591054654001,0,qEHVI,0.68,0.18,0.04,0.0,0.0,0.0,0.0,0.0,0.02,0.0,0.0,0.04,0.0,0.0,0.04
26,4,2,3,False,0.3112856217166582,0.09650591054654001,1,qEHVI,0.34,0.16,0.4,0.04,0.0,0.0,0.0,0.0,0.04,0.0,0.0,0.02,0.0,0.0,0.0
26,4,2,3,False,0.3112856217166582,0.09650591054654001,2,qUCB,0.5,0.06,0.36,0.0,0.04,0.0,0.0,0.0,0.0,0.0,0.0,0.0,0.0,0.04,0.0
26,4,2,3,False,0.3112856217166582,0.09650591054654001,3,qUCB,0.18,0.16,0.56,0.0,0.04,0.0,0.0,0.0,0.0,0.0,0.0,0.0,0.0,0.04,0.02
26,4,2,3,False,0.3112856217166582,0.09650591054654001,4,qUCB,0.38,0.2,0.34,0.0,0.04,0.0,0.0,0.0,0.0,0.0,0.0,0.0,0.0,0.04,0.0
26,5,1,4,False,0.25450448957508487,0.239867906277053,0,qEHVI,0.68,0.18,0.04,0.0,0.0,0.0,0.0,0.0,0.02,0.0,0.0,0.04,0.0,0.0,0.04
26,5,1,4,False,0.25450448957508487,0.239867906277053,1,qUCB,0.44,0.04,0.42,0.02,0.04,0.0,0.0,0.0,0.0,0.0,0.0,0.0,0.0,0.04,0.0
26,5,1,4,False,0.25450448957508487,0.239867906277053,2,qUCB,0.06,0.24,0.6,0.04,0.04,0.0,0.0,0.0,0.0,0.0,0.0,0.0,0.0,0.02,0.0
26,5,1,4,False,0.25450448957508487,0.239867906277053,3,qUCB,0.0,0.28,0.64,0.02,0.04,0.0,0.0,0.0,0.0,0.0,0.0,0.0,0.0,0.02,0.0
26,5,1,4,False,0.25450448957508487,0.239867906277053,4,qUCB,0.14,0.12,0.64,0.04,0.02,0.0,0.0,0.0,0.0,0.0,0.0,0.0,0.0,0.04,0.0
26,6,0,5,False,0.22623414905615738,0.01733441547470882,0,qUCB,0.42,0.1,0.38,0.0,0.04,0.0,0.0,0.0,0.0,0.0,0.0,0.04,0.0,0.02,0.0
26,6,0,5,False,0.22623414905615738,0.01733441547470882,1,qUCB,0.8,0.0,0.16,0.0,0.04,0.0,0.0,0.0,0.0,0.0,0.0,0.0,0.0,0.0,0.0
26,6,0,5,False,0.22623414905615738,0.01733441547470882,2,qUCB,0.0,0.28,0.66,0.04,0.0,0.0,0.0,0.0,0.0,0.0,0.0,0.02,0.0,0.0,0.0
26,6,0,5,False,0.22623414905615738,0.01733441547470882,3,qUCB,0.1,0.18,0.62,0.04,0.04,0.0,0.0,0.0,0.02,0.0,0.0,0.0,0.0,0.0,0.0
26,6,0,5,False,0.22623414905615738,0.01733441547470882,4,qUCB,0.32,0.0,0.64,0.0,0.02,0.0,0.0,0.0,0.0,0.0,0.0,0.0,0.0,0.02,0.0
