iteration,option,n_opt,n_exp,selected,full_qehvi,full_entropy,point_idx,source,x_0,x_1,x_2,x_3,x_4
1,1,5,0,True,0.543065197459467,0.5496000563579773,0,qEHVI,0.11557694854982134,0.10528407965797743,0.15913148521025922,0.4,0.2200074865692394
1,1,5,0,True,0.543065197459467,0.5496000563579773,1,qEHVI,0.24204021546580634,0.1,0.4,0.15795978441386035,0.10000000000001294
1,1,5,0,True,0.543065197459467,0.5496000563579773,2,qEHVI,0.10000000000042063,0.1,0.4,0.20969814099109965,0.19030185886535794
1,1,5,0,True,0.543065197459467,0.5496000563579773,3,qEHVI,0.3000000065037193,0.1,0.4,0.10000000000436302,0.1
1,1,5,0,True,0.543065197459467,0.5496000563579773,4,qEHVI,0.4,0.17628747145855372,0.1,0.22371253138195435,0.1
2,1,5,0,True,0.3276004143245166,0.1234988423569574,0,qEHVI,0.1849402596042139,0.4,0.1,0.21505974039578618,0.1
2,1,5,0,True,0.3276004143245166,0.1234988423569574,1,qEHVI,0.1801492206619521,0.22090691010166472,0.35045105157155565,0.14849281766482797,0.1
2,1,5,0,True,0.3276004143245166,0.1234988423569574,2,qEHVI,0.3082098287812739,0.1,0.30453131956562485,0.1872588516531012,0.10000000000000019
2,1,5,0,True,0.3276004143245166,0.1234988423569574,3,qEHVI,0.1525278453725324,0.1,0.3448229612928565,0.12699695052862542,0.27565224280598577
2,1,5,0,True,0.3276004143245166,0.1234988423569574,4,qEHVI,0.30000000000000004,0.1,0.1,0.10000000000000005,0.4
3,1,5,0,True,0.35532942043190263,0.2816685464226367,0,qEHVI,0.1,0.39999999999920866,0.10000000000007987,0.1,0.300000000022579
3,1,5,0,True,0.35532942043190263,0.2816685464226367,1,qEHVI,0.14952492637188958,0.25047507367139776,0.1,0.4,0.1
3,1,5,0,True,0.35532942043190263,0.2816685464226367,2,qEHVI,0.30000000000556865,0.4,0.1,0.1,0.1
3,1,5,0,True,0.35532942043190263,0.2816685464226367,3,qEHVI,0.1,0.3324330723241115,0.1,0.3675669276778075,0.1
3,1,5,0,True,0.35532942043190263,0.2816685464226367,4,qEHVI,0.1,0.39999999997171676,0.1,0.3000000000299013,0.1
4,1,5,0,True,0.7459775355400322,0.3793121311998595,0,qEHVI,0.10000000004860858,0.15621243783415795,0.24378756212230587,0.39999999999715696,0.1
4,1,5,0,True,0.7459775355400322,0.3793121311998595,1,qEHVI,0.1,0.1,0.1,0.33538013430413743,0.3646198656964128
4,1,5,0,True,0.7459775355400322,0.3793121311998595,2,qEHVI,0.20368908627883478,0.3814975271974218,0.11607021957172406,0.11087023424708556,0.18787293270493385
4,1,5,0,True,0.7459775355400322,0.3793121311998595,3,qEHVI,0.10000000000072097,0.4,0.1000000000000515,0.1,0.2999999999977468
4,1,5,0,True,0.7459775355400322,0.3793121311998595,4,qEHVI,0.1,0.34942699680304584,0.1,0.1,0.35057300563843985
5,1,5,0,True,0.34863655311356123,0.39745001370783584,0,qEHVI,0.1,0.4,0.1,0.1,0.30000000000000393
5,1,5,0,True,0.34863655311356123,0.39745001370783584,1,qEHVI,0.15349911290902976,0.2595661978144797,0.11189757081712867,0.2933311483382714,0.1817059701210905
5,1,5,0,True,0.34863655311356123,0.39745001370783584,2,qEHVI,0.25940136009733694,0.1052510574462247,0.27549168079325004,0.23984271014815609,0.12001319151503223
5,1,5,0,True,0.34863655311356123,0.39745001370783584,3,qEHVI,0.21888893505241191,0.18601729201778788,0.240976849184578,0.2150131267040054,0.1391037970412169
5,1,5,0,True,0.34863655311356123,0.39745001370783584,4,qEHVI,0.11363311644800604,0.17329562128546694,0.37173946845985195,0.10393571791315247,0.23739607589352268
6,1,5,0,True,0.3311468850359024,0.3464856334917634,0,qEHVI,0.1,0.4,0.1,0.10000000014163583,0.29999999984800274
6,1,5,0,True,0.3311468850359024,0.3464856334917634,1,qEHVI,0.2638338314912908,0.22466179020917523,0.10413006565918043,0.27807324518453536,0.1293010674558182
6,1,5,0,True,0.3311468850359024,0.3464856334917634,2,qEHVI,0.15130782707966217,0.1501529317093777,0.26380901495128517,0.3194888537053322,0.11524137255434283
6,1,5,0,True,0.3311468850359024,0.3464856334917634,3,qEHVI,0.26047423979537215,0.11113509727598306,0.11503084829009111,0.22227438349722567,0.291085431141328
6,1,5,0,True,0.3311468850359024,0.3464856334917634,4,qEHVI,0.19901085225787088,0.1409185475447861,0.1525856916149322,0.18216506625981577,0.32531984232259514
7,1,5,0,True,0.25383012294021257,0.2120394075814609,0,qEHVI,0.25820640107042947,0.2681644253571447,0.10000000000000007,0.1,0.27362917357242605
7,1,5,0,True,0.25383012294021257,0.2120394075814609,1,qEHVI,0.1,0.208547071041539,0.19145292895846128,0.1,0.4
7,1,5,0,True,0.25383012294021257,0.2120394075814609,2,qEHVI,0.25344107423374174,0.1000000000000004,0.1410069720104952,0.2892466449523214,0.21630530880344132
7,1,5,0,True,0.25383012294021257,0.2120394075814609,3,qEHVI,0.1701220049194181,0.12892472320687315,0.22520320059755616,0.2758542844100733,0.1998957868660792
7,1,5,0,True,0.25383012294021257,0.2120394075814609,4,qEHVI,0.10000000000000003,0.3999999999999976,0.10000000000000098,0.1000000000000037,0.2999999999999977
8,1,5,0,True,0.2957970846415078,0.22696933195630464,0,qEHVI,0.2015243618656185,0.18102152945311617,0.25756000861457595,0.14286239402473203,0.2170317060419574
8,1,5,0,True,0.2957970846415078,0.22696933195630464,1,qEHVI,0.11830952516793684,0.1788348727592927,0.29993069379095993,0.11481630548712171,0.2881086027946888
8,1,5,0,True,0.2957970846415078,0.22696933195630464,2,qEHVI,0.17317017880090246,0.3296368255543306,0.15218251047635964,0.11679546033736332,0.22821502483104397
8,1,5,0,True,0.2957970846415078,0.22696933195630464,3,qEHVI,0.10000000000000314,0.36345303452288336,0.10000000000000323,0.10000000000000549,0.33654696547710494
8,1,5,0,True,0.2957970846415078,0.22696933195630464,4,qEHVI,0.1429456593780695,0.2838068979550957,0.10776859010971379,0.20658271089203054,0.25889614166509056
9,1,5,0,True,0.22824825712467314,0.10625933792210418,0,qEHVI,0.37327131627923005,0.10681620986298242,0.10057757640632956,0.10314083578948327,0.3161940616619747
9,1,5,0,True,0.22824825712467314,0.10625933792210418,1,qEHVI,0.1957457601352987,0.20892019837768494,0.15703165465475788,0.17988193640670277,0.25842045042555584
9,1,5,0,True,0.22824825712467314,0.10625933792210418,2,qEHVI,0.19950655010621243,0.22330337120170873,0.10096028913718559,0.1679531136110211,0.3082766759438722
9,1,5,0,True,0.22824825712467314,0.10625933792210418,3,qEHVI,0.10000000000000096,0.36487908472174635,0.10000000000000149,0.1000000000000024,0.3351209152782489
9,1,5,0,True,0.22824825712467314,0.10625933792210418,4,qEHVI,0.3045650869233476,0.20611288976309547,0.14124713466751332,0.10536354297443343,0.24271134567161015
10,1,5,0,True,0.18885040584026477,0.29516589755400346,0,qEHVI,0.14157141586619268,0.3753740738307345,0.11758757168470388,0.2407805730531902,0.12468636556517879
10,1,5,0,True,0.18885040584026477,0.29516589755400346,1,qEHVI,0.18061429058438594,0.14712946879373606,0.1213900904846715,0.3524727032098415,0.198393446927365
10,1,5,0,True,0.18885040584026477,0.29516589755400346,2,qEHVI,0.34151580031287576,0.18386219925659308,0.12598794289189644,0.11676144459839732,0.23187261294023745
10,1,5,0,True,0.18885040584026477,0.29516589755400346,3,qEHVI,0.10000000000757127,0.3578900928124067,0.10000000000652845,0.10000000000104001,0.34210990718217515
10,1,5,0,True,0.18885040584026477,0.29516589755400346,4,qEHVI,0.2660332618862251,0.15897340831504797,0.2932323553719373,0.11520965888075875,0.16655131554603092
11,1,5,0,True,0.15032370171934128,0.08765239061471952,0,qEHVI,0.19764772754431328,0.20591729355866384,0.32947196288430375,0.12839665460634084,0.13856636140637837
11,1,5,0,True,0.15032370171934128,0.08765239061471952,1,qEHVI,0.12594929308398278,0.10000000000000006,0.34832049980912916,0.2668785152619699,0.15885169184491815
11,1,5,0,True,0.15032370171934128,0.08765239061471952,2,qEHVI,0.21384388624118184,0.13568114200389847,0.13992407616419278,0.39136265384998337,0.11918824174074365
11,1,5,0,True,0.15032370171934128,0.08765239061471952,3,qEHVI,0.34113502150562247,0.1806246274286022,0.17126246200896506,0.13243330484591617,0.1745445842108942
11,1,5,0,True,0.15032370171934128,0.08765239061471952,4,qEHVI,0.1,0.3465192395865659,0.10000000000000053,0.1000000000000001,0.3534807604134339
12,1,5,0,True,0.13988258591163713,0.15071665034320958,0,qEHVI,0.1,0.34052034775789775,0.1,0.10000000000000107,0.3594796522421021
12,1,5,0,True,0.13988258591163713,0.15071665034320958,1,qEHVI,0.27628794650394406,0.28592067149883027,0.18101794870206692,0.10293740963639944,0.15383602365875937
12,1,5,0,True,0.13988258591163713,0.15071665034320958,2,qEHVI,0.29292042335410906,0.16516704006185662,0.19826413654655636,0.14022834124437503,0.20342005879310296
12,1,5,0,True,0.13988258591163713,0.15071665034320958,3,qEHVI,0.1298858479924779,0.3725760540352031,0.14886627379497175,0.18361763273287193,0.16505419144447536
12,1,5,0,True,0.13988258591163713,0.15071665034320958,4,qEHVI,0.1279638078444862,0.31985656773262605,0.11222974080005728,0.2782509252359918,0.16169895838683865
13,1,5,0,True,0.21086014725121513,0.10023863412098422,0,qEHVI,0.10000000000033447,0.30471472707261155,0.10000000000007449,0.10000000000016045,0.39528527292681914
13,1,5,0,True,0.21086014725121513,0.10023863412098422,1,qEHVI,0.11568043582942844,0.2896951002039607,0.2535740371870985,0.22756528939553788,0.11348513738397455
13,1,5,0,True,0.21086014725121513,0.10023863412098422,2,qEHVI,0.10000000000874942,0.10000000000068104,0.10000000010746904,0.2999999998828484,0.4
13,1,5,0,True,0.21086014725121513,0.10023863412098422,3,qEHVI,0.19363610711003765,0.15712916493287887,0.20371671391386448,0.22434392260646474,0.22117409143675426
13,1,5,0,True,0.21086014725121513,0.10023863412098422,4,qEHVI,0.17697333163270257,0.1776177046853788,0.2875192031004663,0.2346398873863846,0.12324987319506786
14,1,5,0,True,0.10038472776828487,0.15594667619308122,0,qEHVI,0.1793999879136477,0.21297701638975514,0.11569404738417624,0.3277174950548781,0.16421145325754286
14,1,5,0,True,0.10038472776828487,0.15594667619308122,1,qEHVI,0.24507684491325488,0.11547691237748342,0.28092969192330364,0.21566549121653725,0.14285105956942087
14,1,5,0,True,0.10038472776828487,0.15594667619308122,2,qEHVI,0.1,0.16940945238242158,0.39999999999997427,0.230590547617606,0.1
14,1,5,0,True,0.10038472776828487,0.15594667619308122,3,qEHVI,0.10000000000000159,0.30875529689645126,0.10000000000000038,0.10000000000000119,0.39124470310354564
14,1,5,0,True,0.10038472776828487,0.15594667619308122,4,qEHVI,0.2636137123921443,0.21694824314078065,0.1583552386793683,0.2089280828942478,0.152154722893459
15,1,5,0,True,0.0444909815369568,0.0021907417745250513,0,qEHVI,0.2958018243982088,0.10717577329371848,0.31586788810001365,0.18065972866463753,0.10049478554342173
15,1,5,0,True,0.0444909815369568,0.0021907417745250513,1,qEHVI,0.17405915753629697,0.2900022318819102,0.17485533860422653,0.23878453380923098,0.12229873816833528
15,1,5,0,True,0.0444909815369568,0.0021907417745250513,2,qEHVI,0.20961832381641093,0.19978423782523327,0.22903322971613263,0.22205865663975372,0.13950555200246947
15,1,5,0,True,0.0444909815369568,0.0021907417745250513,3,qEHVI,0.29543072080863536,0.10740745014871332,0.31595366997675,0.180918568716554,0.10028959034934744
15,1,5,0,True,0.0444909815369568,0.0021907417745250513,4,qEHVI,0.4,0.10000000000000002,0.23185768882931623,0.10000000000000002,0.16814231117068376
16,1,5,0,True,0.08423617479154841,0.010423729079075628,0,qEHVI,0.2672862315047725,0.1090574543503803,0.3818736072035317,0.10099783495348962,0.14078487198782585
16,1,5,0,True,0.08423617479154841,0.010423729079075628,1,qEHVI,0.1,0.39999999961771515,0.1,0.1,0.3000000003822848
16,1,5,0,True,0.08423617479154841,0.010423729079075628,2,qEHVI,0.10000000049422468,0.2590316107022053,0.18033158291653084,0.36063680588703917,0.1
16,1,5,0,True,0.08423617479154841,0.010423729079075628,3,qEHVI,0.1,0.1,0.1,0.3808997141141609,0.31910028588583916
16,1,5,0,True,0.08423617479154841,0.010423729079075628,4,qEHVI,0.1,0.3999888802781786,0.1,0.1,0.3000111197218214
17,1,5,0,True,0.04574965110269886,0.003352261444391935,0,qEHVI,0.3999999999995265,0.256356670329712,0.1,0.14364332967080706,0.1
17,1,5,0,True,0.04574965110269886,0.003352261444391935,1,qEHVI,0.4,0.22519134823385725,0.10000000000004838,0.1,0.17480865176501442
17,1,5,0,True,0.04574965110269886,0.003352261444391935,2,qEHVI,0.19842611227903817,0.2536282660534077,0.21321066691754678,0.12571193718110346,0.2090230175689039
17,1,5,0,True,0.04574965110269886,0.003352261444391935,3,qEHVI,0.11069359819496963,0.27416446290963914,0.1773767392232684,0.15021032999008296,0.28755486968203986
17,1,5,0,True,0.04574965110269886,0.003352261444391935,4,qEHVI,0.1,0.11115033112810087,0.28884966887189056,0.1,0.4
18,1,5,0,True,0.684631806100712,0.03138481065327081,0,qEHVI,0.1000000000325458,0.31072229962161274,0.12326076812718263,0.12745381550874593,0.3385631167099129
18,1,5,0,True,0.684631806100712,0.03138481065327081,1,qEHVI,0.1000000169847489,0.39999969596587903,0.13221330693789468,0.10000003399435363,0.26778694611710063
18,1,5,0,True,0.684631806100712,0.03138481065327081,2,qEHVI,0.2692593068227128,0.2032108000362553,0.2158245655149781,0.1356734054745733,0.17603192215148045
18,1,5,0,True,0.684631806100712,0.03138481065327081,3,qEHVI,0.16758735148266662,0.2092832491985519,0.1531962480040422,0.3152081815334886,0.15472496978125067
18,1,5,0,True,0.684631806100712,0.03138481065327081,4,qEHVI,0.10000001235227603,0.2647388826855449,0.13911923604142162,0.1427761911296797,0.35336567779107875
19,1,5,0,True,0.4509545883855718,0.012210628905717336,0,qEHVI,0.1,0.1,0.18945831108110334,0.2876938982752007,0.3228477906437636
19,1,5,0,True,0.4509545883855718,0.012210628905717336,1,qEHVI,0.3053435269468582,0.1,0.19424911658297134,0.20959792657675932,0.19080943017795066
19,1,5,0,True,0.4509545883855718,0.012210628905717336,2,qEHVI,0.15113248628369344,0.30797671490721945,0.1000000000000406,0.10000000000006179,0.34089079880898476
19,1,5,0,True,0.4509545883855718,0.012210628905717336,3,qEHVI,0.20701919997387924,0.14474842631700705,0.17155253131864723,0.316368552660916,0.1603112897295505
19,1,5,0,True,0.4509545883855718,0.012210628905717336,4,qEHVI,0.1,0.15528393820148229,0.10000000000007761,0.33799907144022606,0.30671699035823474
