iteration,option,n_opt,n_exp,selected,full_qehvi,full_entropy,point_idx,source,x_0,x_1,x_2,x_3,x_4,x_5,x_6
1,1,5,0,False,1.4247974554748277,0.4012295084678392,0,qEHVI,0.05,0.2,0.7000000000000001,0.05,0.0,0.0,0.0
1,1,5,0,False,1.4247974554748277,0.4012295084678392,1,qEHVI,0.1,0.0,0.7000000000000001,0.1,0.0,0.0,0.1
1,1,5,0,False,1.4247974554748277,0.4012295084678392,2,qEHVI,0.05,0.05,0.7000000000000001,0.0,0.1,0.0,0.1
1,1,5,0,False,1.4247974554748277,0.4012295084678392,3,qEHVI,0.0,0.5,0.2,0.1,0.1,0.1,0.0
1,1,5,0,False,1.4247974554748277,0.4012295084678392,4,qEHVI,0.1,0.2,0.7000000000000001,0.0,0.0,0.0,0.0
1,2,4,1,False,1.3994365959108632,0.31450013629286655,0,qEHVI,0.05,0.2,0.7000000000000001,0.05,0.0,0.0,0.0
1,2,4,1,False,1.3994365959108632,0.31450013629286655,1,qEHVI,0.1,0.0,0.7000000000000001,0.1,0.0,0.0,0.1
1,2,4,1,False,1.3994365959108632,0.31450013629286655,2,qEHVI,0.05,0.05,0.7000000000000001,0.0,0.1,0.0,0.1
1,2,4,1,False,1.3994365959108632,0.31450013629286655,3,qEHVI,0.05,0.0,0.7000000000000001,0.1,0.0,0.05,0.1
1,2,4,1,False,1.3994365959108632,0.31450013629286655,4,qUCB,0.35000000000000003,0.0,0.2,0.0,0.05,0.4,0.0
1,3,3,2,True,1.4010644127925995,0.3365784736706896,0,qEHVI,0.05,0.2,0.7000000000000001,0.05,0.0,0.0,0.0
1,3,3,2,True,1.4010644127925995,0.3365784736706896,1,qEHVI,0.1,0.0,0.7000000000000001,0.1,0.0,0.0,0.1
1,3,3,2,True,1.4010644127925995,0.3365784736706896,2,qEHVI,0.05,0.05,0.7000000000000001,0.0,0.1,0.0,0.1
1,3,3,2,True,1.4010644127925995,0.3365784736706896,3,qUCB,0.35000000000000003,0.0,0.2,0.0,0.05,0.4,0.0
1,3,3,2,True,1.4010644127925995,0.3365784736706896,4,qUCB,0.0,0.1,0.2,0.1,0.1,0.45,0.05
1,4,2,3,False,1.3097555653263369,0.27208080188359496,0,qEHVI,0.05,0.2,0.7000000000000001,0.05,0.0,0.0,0.0
1,4,2,3,False,1.3097555653263369,0.27208080188359496,1,qEHVI,0.1,0.0,0.7000000000000001,0.1,0.0,0.0,0.1
1,4,2,3,False,1.3097555653263369,0.27208080188359496,2,qUCB,0.35000000000000003,0.0,0.2,0.0,0.1,0.35000000000000003,0.0
1,4,2,3,False,1.3097555653263369,0.27208080188359496,3,qUCB,0.1,0.05,0.2,0.0,0.1,0.45,0.1
1,4,2,3,False,1.3097555653263369,0.27208080188359496,4,qUCB,0.25,0.0,0.2,0.0,0.1,0.45,0.0
1,5,1,4,False,1.1647777944862525,0.11594611440911251,0,qEHVI,0.05,0.2,0.7000000000000001,0.05,0.0,0.0,0.0
1,5,1,4,False,1.1647777944862525,0.11594611440911251,1,qUCB,0.15000000000000002,0.0,0.2,0.0,0.1,0.45,0.1
1,5,1,4,False,1.1647777944862525,0.11594611440911251,2,qUCB,0.0,0.05,0.2,0.1,0.1,0.45,0.1
1,5,1,4,False,1.1647777944862525,0.11594611440911251,3,qUCB,0.35000000000000003,0.0,0.2,0.0,0.1,0.35000000000000003,0.0
1,5,1,4,False,1.1647777944862525,0.11594611440911251,4,qUCB,0.35000000000000003,0.0,0.2,0.05,0.1,0.2,0.1
1,6,0,5,False,1.1796050773746014,0.19418533960023332,0,qUCB,0.05,0.0,0.65,0.1,0.1,0.0,0.1
1,6,0,5,False,1.1796050773746014,0.19418533960023332,1,qUCB,0.0,0.0,0.35000000000000003,0.0,0.1,0.45,0.1
1,6,0,5,False,1.1796050773746014,0.19418533960023332,2,qUCB,0.35000000000000003,0.0,0.2,0.0,0.05,0.4,0.0
1,6,0,5,False,1.1796050773746014,0.19418533960023332,3,qUCB,0.0,0.5,0.30000000000000004,0.1,0.1,0.0,0.0
1,6,0,5,False,1.1796050773746014,0.19418533960023332,4,qUCB,0.2,0.0,0.2,0.0,0.1,0.45,0.05
2,1,5,0,False,1.9327296787133508,0.07281067316977285,0,qEHVI,0.2,0.0,0.6000000000000001,0.1,0.05,0.0,0.05
2,1,5,0,False,1.9327296787133508,0.07281067316977285,1,qEHVI,0.0,0.05,0.65,0.05,0.0,0.15000000000000002,0.1
2,1,5,0,False,1.9327296787133508,0.07281067316977285,2,qEHVI,0.0,0.0,0.7000000000000001,0.0,0.05,0.2,0.05
2,1,5,0,False,1.9327296787133508,0.07281067316977285,3,qEHVI,0.05,0.0,0.7000000000000001,0.1,0.1,0.0,0.05
2,1,5,0,False,1.9327296787133508,0.07281067316977285,4,qEHVI,0.0,0.25,0.55,0.1,0.0,0.0,0.1
2,2,4,1,False,1.8666439746829702,0.13154530370267103,0,qEHVI,0.2,0.0,0.6000000000000001,0.1,0.05,0.0,0.05
2,2,4,1,False,1.8666439746829702,0.13154530370267103,1,qEHVI,0.0,0.05,0.65,0.05,0.0,0.15000000000000002,0.1
2,2,4,1,False,1.8666439746829702,0.13154530370267103,2,qEHVI,0.0,0.0,0.7000000000000001,0.0,0.05,0.2,0.05
2,2,4,1,False,1.8666439746829702,0.13154530370267103,3,qEHVI,0.05,0.0,0.7000000000000001,0.1,0.1,0.0,0.05
2,2,4,1,False,1.8666439746829702,0.13154530370267103,4,qUCB,0.15000000000000002,0.45,0.2,0.0,0.1,0.0,0.1
2,3,3,2,True,1.8577607553111881,0.4346088449854495,0,qEHVI,0.2,0.0,0.6000000000000001,0.1,0.05,0.0,0.05
2,3,3,2,True,1.8577607553111881,0.4346088449854495,1,qEHVI,0.0,0.05,0.65,0.05,0.0,0.15000000000000002,0.1
2,3,3,2,True,1.8577607553111881,0.4346088449854495,2,qEHVI,0.0,0.0,0.7000000000000001,0.0,0.05,0.2,0.05
2,3,3,2,True,1.8577607553111881,0.4346088449854495,3,qUCB,0.15000000000000002,0.45,0.2,0.0,0.1,0.0,0.1
2,3,3,2,True,1.8577607553111881,0.4346088449854495,4,qUCB,0.30000000000000004,0.0,0.2,0.0,0.1,0.30000000000000004,0.1
2,4,2,3,False,1.712025975344433,0.0918289242383139,0,qEHVI,0.2,0.0,0.6000000000000001,0.1,0.05,0.0,0.05
2,4,2,3,False,1.712025975344433,0.0918289242383139,1,qEHVI,0.0,0.05,0.65,0.05,0.0,0.15000000000000002,0.1
2,4,2,3,False,1.712025975344433,0.0918289242383139,2,qUCB,0.15000000000000002,0.45,0.2,0.0,0.1,0.0,0.1
2,4,2,3,False,1.712025975344433,0.0918289242383139,3,qUCB,0.25,0.0,0.2,0.0,0.1,0.35000000000000003,0.1
2,4,2,3,False,1.712025975344433,0.0918289242383139,4,qUCB,0.05,0.5,0.2,0.0,0.1,0.1,0.05
2,5,1,4,False,1.5497620563426857,0.19152145236490625,0,qEHVI,0.2,0.0,0.6000000000000001,0.1,0.05,0.0,0.05
2,5,1,4,False,1.5497620563426857,0.19152145236490625,1,qUCB,0.0,0.25,0.2,0.0,0.0,0.45,0.1
2,5,1,4,False,1.5497620563426857,0.19152145236490625,2,qUCB,0.0,0.5,0.2,0.0,0.0,0.2,0.1
2,5,1,4,False,1.5497620563426857,0.19152145236490625,3,qUCB,0.0,0.05,0.4,0.0,0.0,0.45,0.1
2,5,1,4,False,1.5497620563426857,0.19152145236490625,4,qUCB,0.0,0.5,0.2,0.0,0.1,0.15000000000000002,0.05
2,6,0,5,False,1.8175425333089137,0.36135424390960935,0,qUCB,0.2,0.0,0.6000000000000001,0.1,0.05,0.0,0.05
2,6,0,5,False,1.8175425333089137,0.36135424390960935,1,qUCB,0.05,0.0,0.6000000000000001,0.05,0.0,0.2,0.1
2,6,0,5,False,1.8175425333089137,0.36135424390960935,2,qUCB,0.0,0.05,0.7000000000000001,0.0,0.0,0.25,0.0
2,6,0,5,False,1.8175425333089137,0.36135424390960935,3,qUCB,0.0,0.0,0.6000000000000001,0.0,0.1,0.25,0.05
2,6,0,5,False,1.8175425333089137,0.36135424390960935,4,qUCB,0.0,0.0,0.4,0.0,0.05,0.45,0.1
3,1,5,0,False,1.4469268179610193,0.40428060954817835,0,qEHVI,0.0,0.05,0.7000000000000001,0.1,0.0,0.05,0.1
3,1,5,0,False,1.4469268179610193,0.40428060954817835,1,qEHVI,0.1,0.1,0.65,0.1,0.0,0.0,0.05
3,1,5,0,False,1.4469268179610193,0.40428060954817835,2,qEHVI,0.0,0.1,0.7000000000000001,0.1,0.0,0.05,0.05
3,1,5,0,False,1.4469268179610193,0.40428060954817835,3,qEHVI,0.0,0.4,0.2,0.0,0.0,0.4,0.0
3,1,5,0,False,1.4469268179610193,0.40428060954817835,4,qEHVI,0.05,0.15000000000000002,0.6000000000000001,0.1,0.0,0.0,0.1
3,2,4,1,False,1.4475216746012223,0.3141596347104505,0,qEHVI,0.0,0.05,0.7000000000000001,0.1,0.0,0.05,0.1
3,2,4,1,False,1.4475216746012223,0.3141596347104505,1,qEHVI,0.1,0.1,0.65,0.1,0.0,0.0,0.05
3,2,4,1,False,1.4475216746012223,0.3141596347104505,2,qEHVI,0.0,0.1,0.7000000000000001,0.1,0.0,0.05,0.05
3,2,4,1,False,1.4475216746012223,0.3141596347104505,3,qEHVI,0.0,0.4,0.2,0.0,0.0,0.4,0.0
3,2,4,1,False,1.4475216746012223,0.3141596347104505,4,qUCB,0.35000000000000003,0.25,0.2,0.0,0.1,0.0,0.1
3,3,3,2,True,1.4134150711930749,0.4300378708522823,0,qEHVI,0.0,0.05,0.7000000000000001,0.1,0.0,0.05,0.1
3,3,3,2,True,1.4134150711930749,0.4300378708522823,1,qEHVI,0.1,0.1,0.65,0.1,0.0,0.0,0.05
3,3,3,2,True,1.4134150711930749,0.4300378708522823,2,qEHVI,0.0,0.1,0.7000000000000001,0.1,0.0,0.05,0.05
3,3,3,2,True,1.4134150711930749,0.4300378708522823,3,qUCB,0.0,0.4,0.2,0.0,0.0,0.4,0.0
3,3,3,2,True,1.4134150711930749,0.4300378708522823,4,qUCB,0.35000000000000003,0.25,0.2,0.0,0.1,0.0,0.1
3,4,2,3,False,1.302804397591325,0.5970026138415507,0,qEHVI,0.0,0.05,0.7000000000000001,0.1,0.0,0.05,0.1
3,4,2,3,False,1.302804397591325,0.5970026138415507,1,qEHVI,0.1,0.1,0.65,0.1,0.0,0.0,0.05
3,4,2,3,False,1.302804397591325,0.5970026138415507,2,qUCB,0.0,0.4,0.2,0.0,0.0,0.4,0.0
3,4,2,3,False,1.302804397591325,0.5970026138415507,3,qUCB,0.35000000000000003,0.25,0.2,0.0,0.1,0.0,0.1
3,4,2,3,False,1.302804397591325,0.5970026138415507,4,qUCB,0.0,0.5,0.2,0.0,0.0,0.30000000000000004,0.0
3,5,1,4,False,1.0761583936275687,0.5656685701386213,0,qEHVI,0.0,0.05,0.7000000000000001,0.1,0.0,0.05,0.1
3,5,1,4,False,1.0761583936275687,0.5656685701386213,1,qUCB,0.35000000000000003,0.35000000000000003,0.2,0.0,0.1,0.0,0.0
3,5,1,4,False,1.0761583936275687,0.5656685701386213,2,qUCB,0.0,0.4,0.2,0.0,0.0,0.4,0.0
3,5,1,4,False,1.0761583936275687,0.5656685701386213,3,qUCB,0.35000000000000003,0.25,0.2,0.0,0.1,0.0,0.1
3,5,1,4,False,1.0761583936275687,0.5656685701386213,4,qUCB,0.0,0.5,0.2,0.0,0.0,0.30000000000000004,0.0
3,6,0,5,False,0.645546421408705,0.5889746475929005,0,qUCB,0.35000000000000003,0.2,0.35000000000000003,0.0,0.0,0.0,0.1
3,6,0,5,False,0.645546421408705,0.5889746475929005,1,qUCB,0.0,0.4,0.2,0.0,0.0,0.4,0.0
3,6,0,5,False,0.645546421408705,0.5889746475929005,2,qUCB,0.0,0.5,0.30000000000000004,0.05,0.0,0.15000000000000002,0.0
3,6,0,5,False,0.645546421408705,0.5889746475929005,3,qUCB,0.35000000000000003,0.25,0.30000000000000004,0.1,0.0,0.0,0.0
3,6,0,5,False,0.645546421408705,0.5889746475929005,4,qUCB,0.0,0.35000000000000003,0.2,0.1,0.0,0.25,0.1
4,1,5,0,False,0.558955958989322,0.46708183738567044,0,qEHVI,0.05,0.1,0.7000000000000001,0.1,0.0,0.0,0.05
4,1,5,0,False,0.558955958989322,0.46708183738567044,1,qEHVI,0.0,0.05,0.7000000000000001,0.1,0.0,0.1,0.05
4,1,5,0,False,0.558955958989322,0.46708183738567044,2,qEHVI,0.05,0.15000000000000002,0.6000000000000001,0.1,0.0,0.0,0.1
4,1,5,0,False,0.558955958989322,0.46708183738567044,3,qEHVI,0.0,0.05,0.6000000000000001,0.1,0.0,0.15000000000000002,0.1
4,1,5,0,False,0.558955958989322,0.46708183738567044,4,qEHVI,0.05,0.2,0.55,0.1,0.0,0.0,0.1
4,2,4,1,True,0.5402230411642298,0.4079364156140102,0,qEHVI,0.05,0.1,0.7000000000000001,0.1,0.0,0.0,0.05
4,2,4,1,True,0.5402230411642298,0.4079364156140102,1,qEHVI,0.0,0.05,0.7000000000000001,0.1,0.0,0.1,0.05
4,2,4,1,True,0.5402230411642298,0.4079364156140102,2,qEHVI,0.05,0.15000000000000002,0.6000000000000001,0.1,0.0,0.0,0.1
4,2,4,1,True,0.5402230411642298,0.4079364156140102,3,qEHVI,0.0,0.05,0.6000000000000001,0.1,0.0,0.15000000000000002,0.1
4,2,4,1,True,0.5402230411642298,0.4079364156140102,4,qUCB,0.0,0.0,0.4,0.0,0.1,0.45,0.05
4,3,3,2,False,0.4737485144433902,0.19215248487809689,0,qEHVI,0.05,0.1,0.7000000000000001,0.1,0.0,0.0,0.05
4,3,3,2,False,0.4737485144433902,0.19215248487809689,1,qEHVI,0.0,0.05,0.7000000000000001,0.1,0.0,0.1,0.05
4,3,3,2,False,0.4737485144433902,0.19215248487809689,2,qEHVI,0.05,0.15000000000000002,0.6000000000000001,0.1,0.0,0.0,0.1
4,3,3,2,False,0.4737485144433902,0.19215248487809689,3,qUCB,0.0,0.0,0.4,0.0,0.1,0.45,0.05
4,3,3,2,False,0.4737485144433902,0.19215248487809689,4,qUCB,0.35000000000000003,0.35000000000000003,0.2,0.0,0.0,0.1,0.0
4,4,2,3,False,0.4092388285206634,0.16952586573093775,0,qEHVI,0.05,0.1,0.7000000000000001,0.1,0.0,0.0,0.05
4,4,2,3,False,0.4092388285206634,0.16952586573093775,1,qEHVI,0.0,0.05,0.7000000000000001,0.1,0.0,0.1,0.05
4,4,2,3,False,0.4092388285206634,0.16952586573093775,2,qUCB,0.0,0.0,0.4,0.0,0.1,0.45,0.05
4,4,2,3,False,0.4092388285206634,0.16952586573093775,3,qUCB,0.05,0.0,0.2,0.1,0.1,0.45,0.1
4,4,2,3,False,0.4092388285206634,0.16952586573093775,4,qUCB,0.35000000000000003,0.4,0.2,0.0,0.0,0.0,0.05
4,5,1,4,False,0.30837161057483015,0.0826968513070856,0,qEHVI,0.05,0.1,0.7000000000000001,0.1,0.0,0.0,0.05
4,5,1,4,False,0.30837161057483015,0.0826968513070856,1,qUCB,0.0,0.0,0.4,0.0,0.1,0.45,0.05
4,5,1,4,False,0.30837161057483015,0.0826968513070856,2,qUCB,0.05,0.0,0.2,0.1,0.1,0.45,0.1
4,5,1,4,False,0.30837161057483015,0.0826968513070856,3,qUCB,0.05,0.1,0.2,0.0,0.1,0.45,0.1
4,5,1,4,False,0.30837161057483015,0.0826968513070856,4,qUCB,0.35000000000000003,0.4,0.2,0.0,0.0,0.0,0.05
4,6,0,5,False,0.1820602430794542,0.8133450904158117,0,qUCB,0.0,0.0,0.5,0.1,0.1,0.2,0.1
4,6,0,5,False,0.1820602430794542,0.8133450904158117,1,qUCB,0.0,0.0,0.5,0.0,0.0,0.45,0.05
4,6,0,5,False,0.1820602430794542,0.8133450904158117,2,qUCB,0.0,0.45,0.35000000000000003,0.1,0.0,0.0,0.1
4,6,0,5,False,0.1820602430794542,0.8133450904158117,3,qUCB,0.35000000000000003,0.0,0.65,0.0,0.0,0.0,0.0
4,6,0,5,False,0.1820602430794542,0.8133450904158117,4,qUCB,0.0,0.25,0.4,0.1,0.1,0.05,0.1
5,1,5,0,False,0.2893527274614953,0.6451357282166583,0,qEHVI,0.05,0.0,0.7000000000000001,0.05,0.0,0.1,0.1
5,1,5,0,False,0.2893527274614953,0.6451357282166583,1,qEHVI,0.05,0.0,0.7000000000000001,0.1,0.0,0.05,0.1
5,1,5,0,False,0.2893527274614953,0.6451357282166583,2,qEHVI,0.1,0.0,0.7000000000000001,0.1,0.0,0.05,0.05
5,1,5,0,False,0.2893527274614953,0.6451357282166583,3,qEHVI,0.05,0.0,0.7000000000000001,0.0,0.0,0.15000000000000002,0.1
5,1,5,0,False,0.2893527274614953,0.6451357282166583,4,qEHVI,0.05,0.1,0.7000000000000001,0.0,0.0,0.05,0.1
5,2,4,1,False,0.26535895564374146,0.27846776977054954,0,qEHVI,0.05,0.0,0.7000000000000001,0.05,0.0,0.1,0.1
5,2,4,1,False,0.26535895564374146,0.27846776977054954,1,qEHVI,0.05,0.0,0.7000000000000001,0.1,0.0,0.05,0.1
5,2,4,1,False,0.26535895564374146,0.27846776977054954,2,qEHVI,0.1,0.0,0.7000000000000001,0.1,0.0,0.05,0.05
5,2,4,1,False,0.26535895564374146,0.27846776977054954,3,qEHVI,0.05,0.0,0.7000000000000001,0.0,0.0,0.15000000000000002,0.1
5,2,4,1,False,0.26535895564374146,0.27846776977054954,4,qUCB,0.35000000000000003,0.35000000000000003,0.2,0.0,0.0,0.1,0.0
5,3,3,2,True,0.22940125466509334,0.9118424177445128,0,qEHVI,0.05,0.0,0.7000000000000001,0.05,0.0,0.1,0.1
5,3,3,2,True,0.22940125466509334,0.9118424177445128,1,qEHVI,0.05,0.0,0.7000000000000001,0.1,0.0,0.05,0.1
5,3,3,2,True,0.22940125466509334,0.9118424177445128,2,qEHVI,0.1,0.0,0.7000000000000001,0.1,0.0,0.05,0.05
5,3,3,2,True,0.22940125466509334,0.9118424177445128,3,qUCB,0.35000000000000003,0.35000000000000003,0.2,0.0,0.0,0.1,0.0
5,3,3,2,True,0.22940125466509334,0.9118424177445128,4,qUCB,0.0,0.5,0.4,0.0,0.1,0.0,0.0
5,4,2,3,False,0.19138405054507004,0.2939320265164831,0,qEHVI,0.05,0.0,0.7000000000000001,0.05,0.0,0.1,0.1
5,4,2,3,False,0.19138405054507004,0.2939320265164831,1,qEHVI,0.05,0.0,0.7000000000000001,0.1,0.0,0.05,0.1
5,4,2,3,False,0.19138405054507004,0.2939320265164831,2,qUCB,0.35000000000000003,0.4,0.2,0.05,0.0,0.0,0.0
5,4,2,3,False,0.19138405054507004,0.2939320265164831,3,qUCB,0.15000000000000002,0.0,0.2,0.1,0.1,0.45,0.0
5,4,2,3,False,0.19138405054507004,0.2939320265164831,4,qUCB,0.0,0.5,0.30000000000000004,0.1,0.1,0.0,0.0
5,5,1,4,False,0.13756264789548217,0.12086248249758835,0,qEHVI,0.05,0.0,0.7000000000000001,0.05,0.0,0.1,0.1
5,5,1,4,False,0.13756264789548217,0.12086248249758835,1,qUCB,0.35000000000000003,0.4,0.2,0.05,0.0,0.0,0.0
5,5,1,4,False,0.13756264789548217,0.12086248249758835,2,qUCB,0.15000000000000002,0.0,0.2,0.1,0.1,0.45,0.0
5,5,1,4,False,0.13756264789548217,0.12086248249758835,3,qUCB,0.0,0.5,0.30000000000000004,0.1,0.1,0.0,0.0
5,5,1,4,False,0.13756264789548217,0.12086248249758835,4,qUCB,0.35000000000000003,0.30000000000000004,0.2,0.0,0.0,0.15000000000000002,0.0
5,6,0,5,False,0.15849683750734367,0.5202212105215613,0,qUCB,0.05,0.0,0.7000000000000001,0.05,0.0,0.1,0.1
5,6,0,5,False,0.15849683750734367,0.5202212105215613,1,qUCB,0.35000000000000003,0.0,0.65,0.0,0.0,0.0,0.0
5,6,0,5,False,0.15849683750734367,0.5202212105215613,2,qUCB,0.0,0.5,0.30000000000000004,0.1,0.1,0.0,0.0
5,6,0,5,False,0.15849683750734367,0.5202212105215613,3,qUCB,0.15000000000000002,0.0,0.2,0.1,0.1,0.45,0.0
5,6,0,5,False,0.15849683750734367,0.5202212105215613,4,qUCB,0.1,0.0,0.35000000000000003,0.0,0.1,0.35000000000000003,0.1
6,1,5,0,False,0.22867851713925028,0.1841093257860411,0,qEHVI,0.0,0.05,0.7000000000000001,0.05,0.0,0.1,0.1
6,1,5,0,False,0.22867851713925028,0.1841093257860411,1,qEHVI,0.05,0.05,0.7000000000000001,0.05,0.0,0.05,0.1
6,1,5,0,False,0.22867851713925028,0.1841093257860411,2,qEHVI,0.0,0.0,0.7000000000000001,0.05,0.0,0.15000000000000002,0.1
6,1,5,0,False,0.22867851713925028,0.1841093257860411,3,qEHVI,0.05,0.0,0.7000000000000001,0.1,0.05,0.05,0.05
6,1,5,0,False,0.22867851713925028,0.1841093257860411,4,qEHVI,0.1,0.15000000000000002,0.6000000000000001,0.1,0.0,0.0,0.05
6,2,4,1,False,0.19632758379496235,1.057410542464405,0,qEHVI,0.0,0.05,0.7000000000000001,0.05,0.0,0.1,0.1
6,2,4,1,False,0.19632758379496235,1.057410542464405,1,qEHVI,0.05,0.05,0.7000000000000001,0.05,0.0,0.05,0.1
6,2,4,1,False,0.19632758379496235,1.057410542464405,2,qEHVI,0.0,0.0,0.7000000000000001,0.05,0.0,0.15000000000000002,0.1
6,2,4,1,False,0.19632758379496235,1.057410542464405,3,qEHVI,0.05,0.0,0.7000000000000001,0.1,0.05,0.05,0.05
6,2,4,1,False,0.19632758379496235,1.057410542464405,4,qUCB,0.35000000000000003,0.4,0.2,0.0,0.05,0.0,0.0
6,3,3,2,True,0.17005040578567082,1.0596576347774507,0,qEHVI,0.0,0.05,0.7000000000000001,0.05,0.0,0.1,0.1
6,3,3,2,True,0.17005040578567082,1.0596576347774507,1,qEHVI,0.05,0.05,0.7000000000000001,0.05,0.0,0.05,0.1
6,3,3,2,True,0.17005040578567082,1.0596576347774507,2,qEHVI,0.0,0.0,0.7000000000000001,0.05,0.0,0.15000000000000002,0.1
6,3,3,2,True,0.17005040578567082,1.0596576347774507,3,qUCB,0.35000000000000003,0.25,0.2,0.1,0.1,0.0,0.0
6,3,3,2,True,0.17005040578567082,1.0596576347774507,4,qUCB,0.0,0.05,0.2,0.1,0.1,0.45,0.1
6,4,2,3,False,0.13484850732609896,0.3996409656094657,0,qEHVI,0.0,0.05,0.7000000000000001,0.05,0.0,0.1,0.1
6,4,2,3,False,0.13484850732609896,0.3996409656094657,1,qEHVI,0.05,0.05,0.7000000000000001,0.05,0.0,0.05,0.1
6,4,2,3,False,0.13484850732609896,0.3996409656094657,2,qUCB,0.35000000000000003,0.25,0.2,0.1,0.1,0.0,0.0
6,4,2,3,False,0.13484850732609896,0.3996409656094657,3,qUCB,0.0,0.05,0.2,0.1,0.1,0.45,0.1
6,4,2,3,False,0.13484850732609896,0.3996409656094657,4,qUCB,0.15000000000000002,0.0,0.2,0.1,0.1,0.45,0.0
6,5,1,4,False,0.08923563740997441,0.152713058709943,0,qEHVI,0.0,0.05,0.7000000000000001,0.05,0.0,0.1,0.1
6,5,1,4,False,0.08923563740997441,0.152713058709943,1,qUCB,0.35000000000000003,0.25,0.2,0.1,0.1,0.0,0.0
6,5,1,4,False,0.08923563740997441,0.152713058709943,2,qUCB,0.35000000000000003,0.4,0.2,0.0,0.05,0.0,0.0
6,5,1,4,False,0.08923563740997441,0.152713058709943,3,qUCB,0.15000000000000002,0.0,0.2,0.0,0.1,0.45,0.1
6,5,1,4,False,0.08923563740997441,0.152713058709943,4,qUCB,0.15000000000000002,0.0,0.2,0.1,0.1,0.45,0.0
6,6,0,5,False,0.12212636340779803,0.16818821812170448,0,qUCB,0.0,0.0,0.35000000000000003,0.1,0.0,0.45,0.1
6,6,0,5,False,0.12212636340779803,0.16818821812170448,1,qUCB,0.05,0.0,0.7000000000000001,0.1,0.1,0.05,0.0
6,6,0,5,False,0.12212636340779803,0.16818821812170448,2,qUCB,0.0,0.0,0.4,0.1,0.1,0.30000000000000004,0.1
6,6,0,5,False,0.12212636340779803,0.16818821812170448,3,qUCB,0.0,0.4,0.4,0.1,0.0,0.0,0.1
6,6,0,5,False,0.12212636340779803,0.16818821812170448,4,qUCB,0.05,0.0,0.4,0.0,0.0,0.45,0.1
7,1,5,0,False,0.2068734534853451,0.5102395977672627,0,qEHVI,0.05,0.1,0.65,0.1,0.0,0.05,0.05
7,1,5,0,False,0.2068734534853451,0.5102395977672627,1,qEHVI,0.0,0.0,0.65,0.05,0.05,0.15000000000000002,0.1
7,1,5,0,False,0.2068734534853451,0.5102395977672627,2,qEHVI,0.1,0.05,0.7000000000000001,0.1,0.0,0.05,0.0
7,1,5,0,False,0.2068734534853451,0.5102395977672627,3,qEHVI,0.1,0.0,0.2,0.05,0.1,0.45,0.1
7,1,5,0,False,0.2068734534853451,0.5102395977672627,4,qEHVI,0.0,0.1,0.7000000000000001,0.05,0.0,0.05,0.1
7,2,4,1,True,0.17150909703819528,0.2558623260534727,0,qEHVI,0.05,0.1,0.65,0.1,0.0,0.05,0.05
7,2,4,1,True,0.17150909703819528,0.2558623260534727,1,qEHVI,0.0,0.0,0.65,0.05,0.05,0.15000000000000002,0.1
7,2,4,1,True,0.17150909703819528,0.2558623260534727,2,qEHVI,0.1,0.05,0.7000000000000001,0.1,0.0,0.05,0.0
7,2,4,1,True,0.17150909703819528,0.2558623260534727,3,qEHVI,0.0,0.1,0.7000000000000001,0.05,0.0,0.05,0.1
7,2,4,1,True,0.17150909703819528,0.2558623260534727,4,qUCB,0.35000000000000003,0.2,0.2,0.0,0.1,0.15000000000000002,0.0
7,3,3,2,False,0.14373344430554968,0.5074602376862622,0,qEHVI,0.05,0.1,0.65,0.1,0.0,0.05,0.05
7,3,3,2,False,0.14373344430554968,0.5074602376862622,1,qEHVI,0.1,0.0,0.2,0.05,0.1,0.45,0.1
7,3,3,2,False,0.14373344430554968,0.5074602376862622,2,qEHVI,0.1,0.05,0.7000000000000001,0.1,0.0,0.05,0.0
7,3,3,2,False,0.14373344430554968,0.5074602376862622,3,qUCB,0.30000000000000004,0.45,0.2,0.0,0.05,0.0,0.0
7,3,3,2,False,0.14373344430554968,0.5074602376862622,4,qUCB,0.05,0.5,0.2,0.0,0.0,0.15000000000000002,0.1
7,4,2,3,False,0.10845789958013503,0.38331197639883596,0,qEHVI,0.05,0.1,0.65,0.1,0.0,0.05,0.05
7,4,2,3,False,0.10845789958013503,0.38331197639883596,1,qEHVI,0.0,0.0,0.65,0.05,0.05,0.15000000000000002,0.1
7,4,2,3,False,0.10845789958013503,0.38331197639883596,2,qUCB,0.35000000000000003,0.2,0.2,0.0,0.1,0.15000000000000002,0.0
7,4,2,3,False,0.10845789958013503,0.38331197639883596,3,qUCB,0.15000000000000002,0.1,0.2,0.0,0.1,0.45,0.0
7,4,2,3,False,0.10845789958013503,0.38331197639883596,4,qUCB,0.1,0.45,0.2,0.0,0.1,0.15000000000000002,0.0
7,5,1,4,False,0.11804090768172504,0.3070124884943968,0,qEHVI,0.05,0.1,0.65,0.1,0.0,0.05,0.05
7,5,1,4,False,0.11804090768172504,0.3070124884943968,1,qUCB,0.15000000000000002,0.0,0.2,0.0,0.1,0.45,0.1
7,5,1,4,False,0.11804090768172504,0.3070124884943968,2,qUCB,0.05,0.0,0.30000000000000004,0.0,0.1,0.45,0.1
7,5,1,4,False,0.11804090768172504,0.3070124884943968,3,qUCB,0.0,0.45,0.2,0.0,0.1,0.15000000000000002,0.1
7,5,1,4,False,0.11804090768172504,0.3070124884943968,4,qUCB,0.15000000000000002,0.1,0.2,0.0,0.1,0.45,0.0
7,6,0,5,False,0.1185520912878508,0.3471241979982338,0,qUCB,0.0,0.0,0.55,0.1,0.1,0.15000000000000002,0.1
7,6,0,5,False,0.1185520912878508,0.3471241979982338,1,qUCB,0.1,0.0,0.2,0.05,0.1,0.45,0.1
7,6,0,5,False,0.1185520912878508,0.3471241979982338,2,qUCB,0.2,0.0,0.2,0.05,0.0,0.45,0.1
7,6,0,5,False,0.1185520912878508,0.3471241979982338,3,qUCB,0.35000000000000003,0.0,0.55,0.0,0.0,0.1,0.0
7,6,0,5,False,0.1185520912878508,0.3471241979982338,4,qUCB,0.0,0.5,0.2,0.1,0.0,0.1,0.1
8,1,5,0,False,0.1427636296205022,0.3543383588064879,0,qEHVI,0.1,0.05,0.6000000000000001,0.1,0.0,0.05,0.1
8,1,5,0,False,0.1427636296205022,0.3543383588064879,1,qEHVI,0.05,0.1,0.6000000000000001,0.1,0.0,0.05,0.1
8,1,5,0,False,0.1427636296205022,0.3543383588064879,2,qEHVI,0.1,0.0,0.30000000000000004,0.0,0.05,0.45,0.1
8,1,5,0,False,0.1427636296205022,0.3543383588064879,3,qEHVI,0.1,0.1,0.65,0.1,0.0,0.05,0.0
8,1,5,0,False,0.1427636296205022,0.3543383588064879,4,qEHVI,0.0,0.0,0.65,0.05,0.0,0.2,0.1
8,2,4,1,False,0.133862175264093,0.42589665932585596,0,qEHVI,0.1,0.05,0.6000000000000001,0.1,0.0,0.05,0.1
8,2,4,1,False,0.133862175264093,0.42589665932585596,1,qEHVI,0.05,0.1,0.6000000000000001,0.1,0.0,0.05,0.1
8,2,4,1,False,0.133862175264093,0.42589665932585596,2,qEHVI,0.1,0.0,0.30000000000000004,0.0,0.05,0.45,0.1
8,2,4,1,False,0.133862175264093,0.42589665932585596,3,qEHVI,0.1,0.1,0.65,0.1,0.0,0.05,0.0
8,2,4,1,False,0.133862175264093,0.42589665932585596,4,qUCB,0.30000000000000004,0.45,0.2,0.0,0.0,0.0,0.05
8,3,3,2,True,0.13222367682932648,1.0532650218164432,0,qEHVI,0.1,0.05,0.6000000000000001,0.1,0.0,0.05,0.1
8,3,3,2,True,0.13222367682932648,1.0532650218164432,1,qEHVI,0.1,0.0,0.30000000000000004,0.0,0.05,0.45,0.1
8,3,3,2,True,0.13222367682932648,1.0532650218164432,2,qEHVI,0.05,0.1,0.6000000000000001,0.1,0.0,0.05,0.1
8,3,3,2,True,0.13222367682932648,1.0532650218164432,3,qUCB,0.30000000000000004,0.45,0.2,0.05,0.0,0.0,0.0
8,3,3,2,True,0.13222367682932648,1.0532650218164432,4,qUCB,0.15000000000000002,0.0,0.7000000000000001,0.0,0.1,0.05,0.0
8,4,2,3,False,0.09502067403174447,1.1097051279779118,0,qEHVI,0.1,0.05,0.6000000000000001,0.1,0.0,0.05,0.1
8,4,2,3,False,0.09502067403174447,1.1097051279779118,1,qEHVI,0.1,0.0,0.30000000000000004,0.0,0.05,0.45,0.1
8,4,2,3,False,0.09502067403174447,1.1097051279779118,2,qUCB,0.30000000000000004,0.45,0.2,0.05,0.0,0.0,0.0
8,4,2,3,False,0.09502067403174447,1.1097051279779118,3,qUCB,0.1,0.5,0.2,0.05,0.0,0.15000000000000002,0.0
8,4,2,3,False,0.09502067403174447,1.1097051279779118,4,qUCB,0.15000000000000002,0.0,0.2,0.1,0.1,0.45,0.0
8,5,1,4,False,0.08767058168560114,0.19195952669830163,0,qEHVI,0.1,0.05,0.6000000000000001,0.1,0.0,0.05,0.1
8,5,1,4,False,0.08767058168560114,0.19195952669830163,1,qUCB,0.15000000000000002,0.0,0.2,0.0,0.1,0.45,0.1
8,5,1,4,False,0.08767058168560114,0.19195952669830163,2,qUCB,0.2,0.05,0.2,0.0,0.1,0.45,0.0
8,5,1,4,False,0.08767058168560114,0.19195952669830163,3,qUCB,0.05,0.5,0.2,0.0,0.1,0.15000000000000002,0.0
8,5,1,4,False,0.08767058168560114,0.19195952669830163,4,qUCB,0.1,0.0,0.30000000000000004,0.05,0.1,0.45,0.0
8,6,0,5,False,0.09830959385437596,0.21387071674619396,0,qUCB,0.1,0.05,0.7000000000000001,0.0,0.0,0.05,0.1
8,6,0,5,False,0.09830959385437596,0.21387071674619396,1,qUCB,0.1,0.0,0.30000000000000004,0.0,0.05,0.45,0.1
8,6,0,5,False,0.09830959385437596,0.21387071674619396,2,qUCB,0.2,0.0,0.2,0.05,0.0,0.45,0.1
8,6,0,5,False,0.09830959385437596,0.21387071674619396,3,qUCB,0.15000000000000002,0.0,0.2,0.1,0.1,0.45,0.0
8,6,0,5,False,0.09830959385437596,0.21387071674619396,4,qUCB,0.15000000000000002,0.0,0.2,0.0,0.1,0.45,0.1
9,1,5,0,False,0.2043713387516875,0.15336350171056168,0,qEHVI,0.1,0.2,0.6000000000000001,0.1,0.0,0.0,0.0
9,1,5,0,False,0.2043713387516875,0.15336350171056168,1,qEHVI,0.05,0.05,0.7000000000000001,0.1,0.0,0.05,0.05
9,1,5,0,False,0.2043713387516875,0.15336350171056168,2,qEHVI,0.1,0.1,0.65,0.1,0.0,0.05,0.0
9,1,5,0,False,0.2043713387516875,0.15336350171056168,3,qEHVI,0.0,0.0,0.7000000000000001,0.05,0.0,0.2,0.05
9,1,5,0,False,0.2043713387516875,0.15336350171056168,4,qEHVI,0.2,0.15000000000000002,0.55,0.0,0.0,0.0,0.1
9,2,4,1,True,0.18407893303089962,0.2290889481962406,0,qEHVI,0.1,0.2,0.6000000000000001,0.1,0.0,0.0,0.0
9,2,4,1,True,0.18407893303089962,0.2290889481962406,1,qEHVI,0.05,0.05,0.7000000000000001,0.1,0.0,0.05,0.05
9,2,4,1,True,0.18407893303089962,0.2290889481962406,2,qEHVI,0.1,0.1,0.65,0.1,0.0,0.05,0.0
9,2,4,1,True,0.18407893303089962,0.2290889481962406,3,qEHVI,0.0,0.0,0.7000000000000001,0.05,0.0,0.2,0.05
9,2,4,1,True,0.18407893303089962,0.2290889481962406,4,qUCB,0.0,0.5,0.2,0.0,0.1,0.1,0.1
9,3,3,2,False,0.16415246313040951,0.03917719244603379,0,qEHVI,0.1,0.2,0.6000000000000001,0.1,0.0,0.0,0.0
9,3,3,2,False,0.16415246313040951,0.03917719244603379,1,qEHVI,0.05,0.05,0.7000000000000001,0.1,0.0,0.05,0.05
9,3,3,2,False,0.16415246313040951,0.03917719244603379,2,qEHVI,0.1,0.1,0.65,0.1,0.0,0.05,0.0
9,3,3,2,False,0.16415246313040951,0.03917719244603379,3,qUCB,0.05,0.0,0.30000000000000004,0.0,0.1,0.45,0.1
9,3,3,2,False,0.16415246313040951,0.03917719244603379,4,qUCB,0.2,0.0,0.2,0.0,0.05,0.45,0.1
9,4,2,3,False,0.13336910791501633,0.057403319390050056,0,qEHVI,0.1,0.2,0.6000000000000001,0.1,0.0,0.0,0.0
9,4,2,3,False,0.13336910791501633,0.057403319390050056,1,qEHVI,0.05,0.05,0.7000000000000001,0.1,0.0,0.05,0.05
9,4,2,3,False,0.13336910791501633,0.057403319390050056,2,qUCB,0.05,0.0,0.30000000000000004,0.0,0.1,0.45,0.1
9,4,2,3,False,0.13336910791501633,0.057403319390050056,3,qUCB,0.2,0.0,0.2,0.0,0.05,0.45,0.1
9,4,2,3,False,0.13336910791501633,0.057403319390050056,4,qUCB,0.0,0.5,0.2,0.0,0.1,0.1,0.1
9,5,1,4,False,0.08359086964917141,0.24411289080977427,0,qEHVI,0.1,0.2,0.6000000000000001,0.1,0.0,0.0,0.0
9,5,1,4,False,0.08359086964917141,0.24411289080977427,1,qUCB,0.05,0.0,0.30000000000000004,0.0,0.1,0.45,0.1
9,5,1,4,False,0.08359086964917141,0.24411289080977427,2,qUCB,0.2,0.0,0.2,0.0,0.05,0.45,0.1
9,5,1,4,False,0.08359086964917141,0.24411289080977427,3,qUCB,0.0,0.5,0.2,0.0,0.1,0.1,0.1
9,5,1,4,False,0.08359086964917141,0.24411289080977427,4,qUCB,0.25,0.25,0.2,0.0,0.1,0.1,0.1
9,6,0,5,False,0.06280569388201528,1.3816412627877828,0,qUCB,0.05,0.0,0.7000000000000001,0.1,0.0,0.15000000000000002,0.0
9,6,0,5,False,0.06280569388201528,1.3816412627877828,1,qUCB,0.2,0.0,0.2,0.05,0.1,0.45,0.0
9,6,0,5,False,0.06280569388201528,1.3816412627877828,2,qUCB,0.0,0.5,0.2,0.1,0.0,0.1,0.1
9,6,0,5,False,0.06280569388201528,1.3816412627877828,3,qUCB,0.30000000000000004,0.0,0.7000000000000001,0.0,0.0,0.0,0.0
9,6,0,5,False,0.06280569388201528,1.3816412627877828,4,qUCB,0.25,0.25,0.2,0.1,0.0,0.1,0.1
10,1,5,0,False,0.14518903436437897,0.12567066816273176,0,qEHVI,0.15000000000000002,0.1,0.65,0.1,0.0,0.0,0.0
10,1,5,0,False,0.14518903436437897,0.12567066816273176,1,qEHVI,0.05,0.05,0.65,0.1,0.0,0.1,0.05
10,1,5,0,False,0.14518903436437897,0.12567066816273176,2,qEHVI,0.1,0.15000000000000002,0.6000000000000001,0.1,0.0,0.0,0.05
10,1,5,0,False,0.14518903436437897,0.12567066816273176,3,qEHVI,0.0,0.0,0.65,0.1,0.0,0.15000000000000002,0.1
10,1,5,0,False,0.14518903436437897,0.12567066816273176,4,qEHVI,0.1,0.05,0.7000000000000001,0.1,0.0,0.0,0.05
10,2,4,1,True,0.12173138024120131,0.17670445521074996,0,qEHVI,0.15000000000000002,0.1,0.65,0.1,0.0,0.0,0.0
10,2,4,1,True,0.12173138024120131,0.17670445521074996,1,qEHVI,0.1,0.15000000000000002,0.6000000000000001,0.1,0.0,0.0,0.05
10,2,4,1,True,0.12173138024120131,0.17670445521074996,2,qEHVI,0.05,0.05,0.65,0.1,0.0,0.1,0.05
10,2,4,1,True,0.12173138024120131,0.17670445521074996,3,qEHVI,0.0,0.0,0.65,0.1,0.0,0.15000000000000002,0.1
10,2,4,1,True,0.12173138024120131,0.17670445521074996,4,qUCB,0.05,0.1,0.2,0.0,0.1,0.45,0.1
10,3,3,2,False,0.09568117247913277,0.11901231396522682,0,qEHVI,0.15000000000000002,0.1,0.65,0.1,0.0,0.0,0.0
10,3,3,2,False,0.09568117247913277,0.11901231396522682,1,qEHVI,0.1,0.15000000000000002,0.6000000000000001,0.1,0.0,0.0,0.05
10,3,3,2,False,0.09568117247913277,0.11901231396522682,2,qEHVI,0.05,0.05,0.65,0.1,0.0,0.1,0.05
10,3,3,2,False,0.09568117247913277,0.11901231396522682,3,qUCB,0.05,0.1,0.2,0.0,0.1,0.45,0.1
10,3,3,2,False,0.09568117247913277,0.11901231396522682,4,qUCB,0.25,0.0,0.2,0.0,0.0,0.45,0.1
10,4,2,3,False,0.0732137991812663,0.16597940816454815,0,qEHVI,0.15000000000000002,0.1,0.65,0.1,0.0,0.0,0.0
10,4,2,3,False,0.0732137991812663,0.16597940816454815,1,qEHVI,0.1,0.15000000000000002,0.6000000000000001,0.1,0.0,0.0,0.05
10,4,2,3,False,0.0732137991812663,0.16597940816454815,2,qUCB,0.05,0.1,0.2,0.0,0.1,0.45,0.1
10,4,2,3,False,0.0732137991812663,0.16597940816454815,3,qUCB,0.25,0.0,0.2,0.0,0.0,0.45,0.1
10,4,2,3,False,0.0732137991812663,0.16597940816454815,4,qUCB,0.15000000000000002,0.1,0.2,0.0,0.1,0.45,0.0
10,5,1,4,False,0.05063651668239182,0.023610126291506273,0,qEHVI,0.15000000000000002,0.1,0.65,0.1,0.0,0.0,0.0
10,5,1,4,False,0.05063651668239182,0.023610126291506273,1,qUCB,0.05,0.1,0.2,0.0,0.1,0.45,0.1
10,5,1,4,False,0.05063651668239182,0.023610126291506273,2,qUCB,0.25,0.0,0.2,0.0,0.0,0.45,0.1
10,5,1,4,False,0.05063651668239182,0.023610126291506273,3,qUCB,0.25,0.45,0.2,0.0,0.0,0.0,0.1
10,5,1,4,False,0.05063651668239182,0.023610126291506273,4,qUCB,0.25,0.30000000000000004,0.2,0.0,0.0,0.15000000000000002,0.1
10,6,0,5,False,0.04754440827239499,0.042360138655352486,0,qUCB,0.0,0.0,0.4,0.05,0.0,0.45,0.1
10,6,0,5,False,0.04754440827239499,0.042360138655352486,1,qUCB,0.30000000000000004,0.0,0.65,0.0,0.0,0.0,0.05
10,6,0,5,False,0.04754440827239499,0.042360138655352486,2,qUCB,0.25,0.25,0.30000000000000004,0.1,0.0,0.0,0.1
10,6,0,5,False,0.04754440827239499,0.042360138655352486,3,qUCB,0.2,0.0,0.2,0.05,0.0,0.45,0.1
10,6,0,5,False,0.04754440827239499,0.042360138655352486,4,qUCB,0.35000000000000003,0.0,0.55,0.1,0.0,0.0,0.0
11,1,5,0,False,0.1062365537913816,0.16205707510163592,0,qEHVI,0.05,0.1,0.7000000000000001,0.05,0.0,0.05,0.05
11,1,5,0,False,0.1062365537913816,0.16205707510163592,1,qEHVI,0.1,0.15000000000000002,0.7000000000000001,0.05,0.0,0.0,0.0
11,1,5,0,False,0.1062365537913816,0.16205707510163592,2,qEHVI,0.05,0.05,0.65,0.1,0.0,0.05,0.1
11,1,5,0,False,0.1062365537913816,0.16205707510163592,3,qEHVI,0.0,0.0,0.7000000000000001,0.1,0.0,0.15000000000000002,0.05
11,1,5,0,False,0.1062365537913816,0.16205707510163592,4,qEHVI,0.1,0.05,0.7000000000000001,0.1,0.0,0.0,0.05
11,2,4,1,True,0.08875114495918804,0.9232055280689568,0,qEHVI,0.05,0.1,0.7000000000000001,0.05,0.0,0.05,0.05
11,2,4,1,True,0.08875114495918804,0.9232055280689568,1,qEHVI,0.1,0.15000000000000002,0.7000000000000001,0.05,0.0,0.0,0.0
11,2,4,1,True,0.08875114495918804,0.9232055280689568,2,qEHVI,0.05,0.05,0.65,0.1,0.0,0.05,0.1
11,2,4,1,True,0.08875114495918804,0.9232055280689568,3,qEHVI,0.0,0.0,0.7000000000000001,0.1,0.0,0.15000000000000002,0.05
11,2,4,1,True,0.08875114495918804,0.9232055280689568,4,qUCB,0.05,0.0,0.30000000000000004,0.0,0.1,0.45,0.1
11,3,3,2,False,0.06913954684430183,0.1864900252635664,0,qEHVI,0.05,0.1,0.7000000000000001,0.05,0.0,0.05,0.05
11,3,3,2,False,0.06913954684430183,0.1864900252635664,1,qEHVI,0.1,0.15000000000000002,0.7000000000000001,0.05,0.0,0.0,0.0
11,3,3,2,False,0.06913954684430183,0.1864900252635664,2,qEHVI,0.05,0.05,0.65,0.1,0.0,0.05,0.1
11,3,3,2,False,0.06913954684430183,0.1864900252635664,3,qUCB,0.05,0.0,0.30000000000000004,0.0,0.1,0.45,0.1
11,3,3,2,False,0.06913954684430183,0.1864900252635664,4,qUCB,0.2,0.05,0.2,0.0,0.1,0.45,0.0
11,4,2,3,False,0.054014878097193804,0.0854628491310172,0,qEHVI,0.05,0.1,0.7000000000000001,0.05,0.0,0.05,0.05
11,4,2,3,False,0.054014878097193804,0.0854628491310172,1,qEHVI,0.1,0.15000000000000002,0.7000000000000001,0.05,0.0,0.0,0.0
11,4,2,3,False,0.054014878097193804,0.0854628491310172,2,qUCB,0.05,0.05,0.2,0.1,0.1,0.4,0.1
11,4,2,3,False,0.054014878097193804,0.0854628491310172,3,qUCB,0.2,0.05,0.2,0.0,0.1,0.45,0.0
11,4,2,3,False,0.054014878097193804,0.0854628491310172,4,qUCB,0.05,0.0,0.30000000000000004,0.1,0.1,0.45,0.0
11,5,1,4,False,0.03237071677511038,0.12196061110818124,0,qEHVI,0.05,0.1,0.7000000000000001,0.05,0.0,0.05,0.05
11,5,1,4,False,0.03237071677511038,0.12196061110818124,1,qUCB,0.05,0.05,0.2,0.1,0.1,0.4,0.1
11,5,1,4,False,0.03237071677511038,0.12196061110818124,2,qUCB,0.2,0.05,0.2,0.0,0.1,0.45,0.0
11,5,1,4,False,0.03237071677511038,0.12196061110818124,3,qUCB,0.05,0.0,0.30000000000000004,0.1,0.1,0.45,0.0
11,5,1,4,False,0.03237071677511038,0.12196061110818124,4,qUCB,0.30000000000000004,0.4,0.2,0.0,0.0,0.0,0.1
11,6,0,5,False,0.0491432985222373,0.10872165591003657,0,qUCB,0.05,0.0,0.7000000000000001,0.1,0.0,0.1,0.05
11,6,0,5,False,0.0491432985222373,0.10872165591003657,1,qUCB,0.30000000000000004,0.0,0.7000000000000001,0.0,0.0,0.0,0.0
11,6,0,5,False,0.0491432985222373,0.10872165591003657,2,qUCB,0.0,0.0,0.4,0.05,0.0,0.45,0.1
11,6,0,5,False,0.0491432985222373,0.10872165591003657,3,qUCB,0.0,0.0,0.7000000000000001,0.1,0.1,0.1,0.0
11,6,0,5,False,0.0491432985222373,0.10872165591003657,4,qUCB,0.25,0.25,0.30000000000000004,0.1,0.0,0.0,0.1
12,1,5,0,False,0.0979752036631403,0.1575776650931875,0,qEHVI,0.1,0.1,0.7000000000000001,0.1,0.0,0.0,0.0
12,1,5,0,False,0.0979752036631403,0.1575776650931875,1,qEHVI,0.0,0.0,0.65,0.1,0.0,0.2,0.05
12,1,5,0,False,0.0979752036631403,0.1575776650931875,2,qEHVI,0.05,0.05,0.7000000000000001,0.1,0.0,0.0,0.1
12,1,5,0,False,0.0979752036631403,0.1575776650931875,3,qEHVI,0.0,0.15000000000000002,0.7000000000000001,0.1,0.0,0.0,0.05
12,1,5,0,False,0.0979752036631403,0.1575776650931875,4,qEHVI,0.05,0.0,0.7000000000000001,0.1,0.0,0.1,0.05
12,2,4,1,True,0.08579432681796265,0.24113762411440476,0,qEHVI,0.1,0.1,0.7000000000000001,0.1,0.0,0.0,0.0
12,2,4,1,True,0.08579432681796265,0.24113762411440476,1,qEHVI,0.0,0.0,0.65,0.1,0.0,0.2,0.05
12,2,4,1,True,0.08579432681796265,0.24113762411440476,2,qEHVI,0.05,0.05,0.7000000000000001,0.1,0.0,0.0,0.1
12,2,4,1,True,0.08579432681796265,0.24113762411440476,3,qEHVI,0.05,0.0,0.7000000000000001,0.1,0.0,0.1,0.05
12,2,4,1,True,0.08579432681796265,0.24113762411440476,4,qUCB,0.30000000000000004,0.4,0.2,0.0,0.0,0.0,0.1
12,3,3,2,False,0.06761527273121068,0.11058512509342311,0,qEHVI,0.1,0.1,0.7000000000000001,0.1,0.0,0.0,0.0
12,3,3,2,False,0.06761527273121068,0.11058512509342311,1,qEHVI,0.0,0.0,0.65,0.1,0.0,0.2,0.05
12,3,3,2,False,0.06761527273121068,0.11058512509342311,2,qEHVI,0.05,0.05,0.7000000000000001,0.1,0.0,0.0,0.1
12,3,3,2,False,0.06761527273121068,0.11058512509342311,3,qUCB,0.30000000000000004,0.4,0.2,0.0,0.0,0.0,0.1
12,3,3,2,False,0.06761527273121068,0.11058512509342311,4,qUCB,0.2,0.0,0.2,0.05,0.1,0.45,0.0
12,4,2,3,False,0.05493176869625691,0.07447740203437675,0,qEHVI,0.1,0.1,0.7000000000000001,0.1,0.0,0.0,0.0
12,4,2,3,False,0.05493176869625691,0.07447740203437675,1,qEHVI,0.0,0.0,0.65,0.1,0.0,0.2,0.05
12,4,2,3,False,0.05493176869625691,0.07447740203437675,2,qUCB,0.30000000000000004,0.4,0.2,0.0,0.0,0.0,0.1
12,4,2,3,False,0.05493176869625691,0.07447740203437675,3,qUCB,0.0,0.5,0.4,0.0,0.0,0.0,0.1
12,4,2,3,False,0.05493176869625691,0.07447740203437675,4,qUCB,0.35000000000000003,0.0,0.5,0.0,0.0,0.05,0.1
12,5,1,4,False,0.03959732175832573,0.21727589637002753,0,qEHVI,0.1,0.1,0.7000000000000001,0.1,0.0,0.0,0.0
12,5,1,4,False,0.03959732175832573,0.21727589637002753,1,qUCB,0.0,0.05,0.30000000000000004,0.0,0.1,0.45,0.1
12,5,1,4,False,0.03959732175832573,0.21727589637002753,2,qUCB,0.2,0.0,0.2,0.0,0.1,0.45,0.05
12,5,1,4,False,0.03959732175832573,0.21727589637002753,3,qUCB,0.30000000000000004,0.4,0.2,0.0,0.0,0.0,0.1
12,5,1,4,False,0.03959732175832573,0.21727589637002753,4,qUCB,0.0,0.05,0.4,0.0,0.0,0.45,0.1
12,6,0,5,False,0.04806981870716103,0.22247650835250377,0,qUCB,0.05,0.0,0.7000000000000001,0.1,0.0,0.1,0.05
12,6,0,5,False,0.04806981870716103,0.22247650835250377,1,qUCB,0.35000000000000003,0.0,0.6000000000000001,0.05,0.0,0.0,0.0
12,6,0,5,False,0.04806981870716103,0.22247650835250377,2,qUCB,0.0,0.0,0.4,0.05,0.0,0.45,0.1
12,6,0,5,False,0.04806981870716103,0.22247650835250377,3,qUCB,0.0,0.1,0.7000000000000001,0.1,0.1,0.0,0.0
12,6,0,5,False,0.04806981870716103,0.22247650835250377,4,qUCB,0.0,0.5,0.4,0.0,0.0,0.0,0.1
13,1,5,0,False,0.09296235971883675,1.0301127270355028,0,qEHVI,0.1,0.0,0.65,0.1,0.0,0.1,0.05
13,1,5,0,False,0.09296235971883675,1.0301127270355028,1,qEHVI,0.15000000000000002,0.1,0.6000000000000001,0.1,0.0,0.0,0.05
13,1,5,0,False,0.09296235971883675,1.0301127270355028,2,qEHVI,0.05,0.1,0.7000000000000001,0.0,0.0,0.1,0.05
13,1,5,0,False,0.09296235971883675,1.0301127270355028,3,qEHVI,0.1,0.05,0.7000000000000001,0.1,0.0,0.0,0.05
13,1,5,0,False,0.09296235971883675,1.0301127270355028,4,qEHVI,0.0,0.0,0.7000000000000001,0.1,0.0,0.1,0.1
13,2,4,1,False,0.07690976291723767,0.07865336632854181,0,qEHVI,0.1,0.0,0.65,0.1,0.0,0.1,0.05
13,2,4,1,False,0.07690976291723767,0.07865336632854181,1,qEHVI,0.15000000000000002,0.1,0.6000000000000001,0.1,0.0,0.0,0.05
13,2,4,1,False,0.07690976291723767,0.07865336632854181,2,qEHVI,0.05,0.1,0.7000000000000001,0.0,0.0,0.1,0.05
13,2,4,1,False,0.07690976291723767,0.07865336632854181,3,qEHVI,0.1,0.05,0.7000000000000001,0.1,0.0,0.0,0.05
13,2,4,1,False,0.07690976291723767,0.07865336632854181,4,qUCB,0.0,0.0,0.30000000000000004,0.05,0.1,0.45,0.1
13,3,3,2,False,0.05949292043266156,0.10230092606800945,0,qEHVI,0.1,0.0,0.65,0.1,0.0,0.1,0.05
13,3,3,2,False,0.05949292043266156,0.10230092606800945,1,qEHVI,0.15000000000000002,0.1,0.6000000000000001,0.1,0.0,0.0,0.05
13,3,3,2,False,0.05949292043266156,0.10230092606800945,2,qEHVI,0.05,0.1,0.7000000000000001,0.0,0.0,0.1,0.05
13,3,3,2,False,0.05949292043266156,0.10230092606800945,3,qUCB,0.0,0.0,0.30000000000000004,0.05,0.1,0.45,0.1
13,3,3,2,False,0.05949292043266156,0.10230092606800945,4,qUCB,0.15000000000000002,0.0,0.2,0.1,0.1,0.45,0.0
13,4,2,3,True,0.04099132377158872,0.947399044944756,0,qEHVI,0.1,0.0,0.65,0.1,0.0,0.1,0.05
13,4,2,3,True,0.04099132377158872,0.947399044944756,1,qEHVI,0.15000000000000002,0.1,0.6000000000000001,0.1,0.0,0.0,0.05
13,4,2,3,True,0.04099132377158872,0.947399044944756,2,qUCB,0.0,0.0,0.35000000000000003,0.0,0.1,0.45,0.1
13,4,2,3,True,0.04099132377158872,0.947399044944756,3,qUCB,0.15000000000000002,0.1,0.2,0.0,0.1,0.45,0.0
13,4,2,3,True,0.04099132377158872,0.947399044944756,4,qUCB,0.25,0.0,0.2,0.0,0.0,0.45,0.1
13,5,1,4,False,0.03206936988292461,0.11923078787648711,0,qEHVI,0.1,0.0,0.65,0.1,0.0,0.1,0.05
13,5,1,4,False,0.03206936988292461,0.11923078787648711,1,qUCB,0.0,0.0,0.35000000000000003,0.0,0.1,0.45,0.1
13,5,1,4,False,0.03206936988292461,0.11923078787648711,2,qUCB,0.15000000000000002,0.1,0.2,0.0,0.1,0.45,0.0
13,5,1,4,False,0.03206936988292461,0.11923078787648711,3,qUCB,0.35000000000000003,0.0,0.65,0.0,0.0,0.0,0.0
13,5,1,4,False,0.03206936988292461,0.11923078787648711,4,qUCB,0.0,0.5,0.4,0.0,0.0,0.0,0.1
13,6,0,5,False,0.028161033376862862,0.04944441275363687,0,qUCB,0.0,0.0,0.5,0.0,0.0,0.4,0.1
13,6,0,5,False,0.028161033376862862,0.04944441275363687,1,qUCB,0.35000000000000003,0.0,0.65,0.0,0.0,0.0,0.0
13,6,0,5,False,0.028161033376862862,0.04944441275363687,2,qUCB,0.0,0.0,0.7000000000000001,0.1,0.1,0.1,0.0
13,6,0,5,False,0.028161033376862862,0.04944441275363687,3,qUCB,0.25,0.0,0.55,0.0,0.0,0.1,0.1
13,6,0,5,False,0.028161033376862862,0.04944441275363687,4,qUCB,0.15000000000000002,0.0,0.2,0.1,0.1,0.45,0.0
14,1,5,0,False,0.11891758915768182,0.3649088036294241,0,qEHVI,0.1,0.0,0.7000000000000001,0.1,0.0,0.1,0.0
14,1,5,0,False,0.11891758915768182,0.3649088036294241,1,qEHVI,0.1,0.0,0.7000000000000001,0.05,0.0,0.1,0.05
14,1,5,0,False,0.11891758915768182,0.3649088036294241,2,qEHVI,0.35000000000000003,0.0,0.6000000000000001,0.0,0.0,0.05,0.0
14,1,5,0,False,0.11891758915768182,0.3649088036294241,3,qEHVI,0.15000000000000002,0.1,0.6000000000000001,0.1,0.0,0.05,0.0
14,1,5,0,False,0.11891758915768182,0.3649088036294241,4,qEHVI,0.0,0.05,0.65,0.1,0.0,0.15000000000000002,0.05
14,2,4,1,False,0.10833279765004211,0.21371007537831987,0,qEHVI,0.1,0.0,0.7000000000000001,0.1,0.0,0.1,0.0
14,2,4,1,False,0.10833279765004211,0.21371007537831987,1,qEHVI,0.1,0.0,0.7000000000000001,0.05,0.0,0.1,0.05
14,2,4,1,False,0.10833279765004211,0.21371007537831987,2,qEHVI,0.35000000000000003,0.0,0.6000000000000001,0.0,0.0,0.05,0.0
14,2,4,1,False,0.10833279765004211,0.21371007537831987,3,qEHVI,0.0,0.05,0.65,0.1,0.0,0.15000000000000002,0.05
14,2,4,1,False,0.10833279765004211,0.21371007537831987,4,qUCB,0.0,0.35000000000000003,0.2,0.0,0.1,0.25,0.1
14,3,3,2,True,0.08633180445057599,0.4199792828731699,0,qEHVI,0.1,0.0,0.7000000000000001,0.1,0.0,0.1,0.0
14,3,3,2,True,0.08633180445057599,0.4199792828731699,1,qEHVI,0.1,0.0,0.7000000000000001,0.05,0.0,0.1,0.05
14,3,3,2,True,0.08633180445057599,0.4199792828731699,2,qEHVI,0.15000000000000002,0.1,0.6000000000000001,0.1,0.0,0.05,0.0
14,3,3,2,True,0.08633180445057599,0.4199792828731699,3,qUCB,0.0,0.0,0.30000000000000004,0.1,0.1,0.4,0.1
14,3,3,2,True,0.08633180445057599,0.4199792828731699,4,qUCB,0.0,0.35000000000000003,0.2,0.0,0.1,0.25,0.1
14,4,2,3,False,0.06451514046718779,0.11733922907101713,0,qEHVI,0.1,0.0,0.7000000000000001,0.1,0.0,0.1,0.0
14,4,2,3,False,0.06451514046718779,0.11733922907101713,1,qEHVI,0.1,0.0,0.7000000000000001,0.05,0.0,0.1,0.05
14,4,2,3,False,0.06451514046718779,0.11733922907101713,2,qUCB,0.0,0.0,0.30000000000000004,0.1,0.1,0.4,0.1
14,4,2,3,False,0.06451514046718779,0.11733922907101713,3,qUCB,0.0,0.5,0.2,0.0,0.1,0.2,0.0
14,4,2,3,False,0.06451514046718779,0.11733922907101713,4,qUCB,0.0,0.35000000000000003,0.2,0.0,0.1,0.25,0.1
14,5,1,4,False,0.050674436606570325,0.02744268823386964,0,qEHVI,0.1,0.0,0.7000000000000001,0.1,0.0,0.1,0.0
14,5,1,4,False,0.050674436606570325,0.02744268823386964,1,qUCB,0.0,0.35000000000000003,0.2,0.0,0.1,0.25,0.1
14,5,1,4,False,0.050674436606570325,0.02744268823386964,2,qUCB,0.35000000000000003,0.2,0.2,0.0,0.0,0.15000000000000002,0.1
14,5,1,4,False,0.050674436606570325,0.02744268823386964,3,qUCB,0.0,0.05,0.4,0.0,0.1,0.35000000000000003,0.1
14,5,1,4,False,0.050674436606570325,0.02744268823386964,4,qUCB,0.0,0.5,0.2,0.0,0.1,0.2,0.0
14,6,0,5,False,0.06637035501777533,0.2034162093145806,0,qUCB,0.15000000000000002,0.0,0.7000000000000001,0.0,0.0,0.15000000000000002,0.0
14,6,0,5,False,0.06637035501777533,0.2034162093145806,1,qUCB,0.0,0.0,0.55,0.0,0.0,0.35000000000000003,0.1
14,6,0,5,False,0.06637035501777533,0.2034162093145806,2,qUCB,0.35000000000000003,0.0,0.55,0.0,0.0,0.1,0.0
14,6,0,5,False,0.06637035501777533,0.2034162093145806,3,qUCB,0.0,0.0,0.65,0.0,0.0,0.35000000000000003,0.0
14,6,0,5,False,0.06637035501777533,0.2034162093145806,4,qUCB,0.35000000000000003,0.0,0.35000000000000003,0.05,0.0,0.15000000000000002,0.1
15,1,5,0,False,0.09781521084275006,0.18413002854377858,0,qEHVI,0.0,0.0,0.7000000000000001,0.0,0.0,0.2,0.1
15,1,5,0,False,0.09781521084275006,0.18413002854377858,1,qEHVI,0.1,0.15000000000000002,0.65,0.1,0.0,0.0,0.0
15,1,5,0,False,0.09781521084275006,0.18413002854377858,2,qEHVI,0.1,0.05,0.6000000000000001,0.1,0.0,0.1,0.05
15,1,5,0,False,0.09781521084275006,0.18413002854377858,3,qEHVI,0.0,0.0,0.7000000000000001,0.1,0.0,0.1,0.1
15,1,5,0,False,0.09781521084275006,0.18413002854377858,4,qEHVI,0.1,0.1,0.65,0.05,0.0,0.05,0.05
15,2,4,1,True,0.08139744364097691,0.475495852036385,0,qEHVI,0.0,0.0,0.7000000000000001,0.0,0.0,0.2,0.1
15,2,4,1,True,0.08139744364097691,0.475495852036385,1,qEHVI,0.1,0.15000000000000002,0.65,0.1,0.0,0.0,0.0
15,2,4,1,True,0.08139744364097691,0.475495852036385,2,qEHVI,0.1,0.05,0.6000000000000001,0.1,0.0,0.1,0.05
15,2,4,1,True,0.08139744364097691,0.475495852036385,3,qEHVI,0.1,0.1,0.65,0.05,0.0,0.05,0.05
15,2,4,1,True,0.08139744364097691,0.475495852036385,4,qUCB,0.35000000000000003,0.25,0.2,0.0,0.0,0.1,0.1
15,3,3,2,False,0.08181457501841181,0.1521844426798964,0,qEHVI,0.0,0.0,0.7000000000000001,0.0,0.0,0.2,0.1
15,3,3,2,False,0.08181457501841181,0.1521844426798964,1,qEHVI,0.1,0.15000000000000002,0.65,0.1,0.0,0.0,0.0
15,3,3,2,False,0.08181457501841181,0.1521844426798964,2,qEHVI,0.1,0.05,0.6000000000000001,0.1,0.0,0.1,0.05
15,3,3,2,False,0.08181457501841181,0.1521844426798964,3,qUCB,0.35000000000000003,0.25,0.2,0.0,0.0,0.1,0.1
15,3,3,2,False,0.08181457501841181,0.1521844426798964,4,qUCB,0.35000000000000003,0.0,0.65,0.0,0.0,0.0,0.0
15,4,2,3,False,0.057654670395780566,0.0363381558730097,0,qEHVI,0.0,0.0,0.7000000000000001,0.0,0.0,0.2,0.1
15,4,2,3,False,0.057654670395780566,0.0363381558730097,1,qEHVI,0.1,0.15000000000000002,0.65,0.1,0.0,0.0,0.0
15,4,2,3,False,0.057654670395780566,0.0363381558730097,2,qUCB,0.35000000000000003,0.25,0.2,0.0,0.0,0.1,0.1
15,4,2,3,False,0.057654670395780566,0.0363381558730097,3,qUCB,0.35000000000000003,0.0,0.2,0.1,0.1,0.15000000000000002,0.1
15,4,2,3,False,0.057654670395780566,0.0363381558730097,4,qUCB,0.35000000000000003,0.0,0.65,0.0,0.0,0.0,0.0
15,5,1,4,False,0.03923767975669153,0.10314766146012344,0,qEHVI,0.0,0.0,0.7000000000000001,0.0,0.0,0.2,0.1
15,5,1,4,False,0.03923767975669153,0.10314766146012344,1,qUCB,0.35000000000000003,0.35000000000000003,0.2,0.1,0.0,0.0,0.0
15,5,1,4,False,0.03923767975669153,0.10314766146012344,2,qUCB,0.35000000000000003,0.0,0.30000000000000004,0.1,0.0,0.15000000000000002,0.1
15,5,1,4,False,0.03923767975669153,0.10314766146012344,3,qUCB,0.05,0.5,0.2,0.1,0.0,0.15000000000000002,0.0
15,5,1,4,False,0.03923767975669153,0.10314766146012344,4,qUCB,0.35000000000000003,0.05,0.5,0.1,0.0,0.0,0.0
15,6,0,5,False,0.048497686682797574,0.0542290766717608,0,qUCB,0.0,0.0,0.6000000000000001,0.0,0.0,0.30000000000000004,0.1
15,6,0,5,False,0.048497686682797574,0.0542290766717608,1,qUCB,0.35000000000000003,0.0,0.4,0.0,0.0,0.15000000000000002,0.1
15,6,0,5,False,0.048497686682797574,0.0542290766717608,2,qUCB,0.35000000000000003,0.0,0.65,0.0,0.0,0.0,0.0
15,6,0,5,False,0.048497686682797574,0.0542290766717608,3,qUCB,0.0,0.0,0.6000000000000001,0.0,0.05,0.35000000000000003,0.0
15,6,0,5,False,0.048497686682797574,0.0542290766717608,4,qUCB,0.0,0.45,0.4,0.0,0.0,0.15000000000000002,0.0
16,1,5,0,False,0.07774657717485939,0.20553846608938642,0,qEHVI,0.0,0.15000000000000002,0.65,0.1,0.0,0.05,0.05
16,1,5,0,False,0.07774657717485939,0.20553846608938642,1,qEHVI,0.15000000000000002,0.1,0.65,0.05,0.0,0.0,0.05
16,1,5,0,False,0.07774657717485939,0.20553846608938642,2,qEHVI,0.35000000000000003,0.0,0.65,0.0,0.0,0.0,0.0
16,1,5,0,False,0.07774657717485939,0.20553846608938642,3,qEHVI,0.0,0.05,0.65,0.1,0.0,0.1,0.1
16,1,5,0,False,0.07774657717485939,0.20553846608938642,4,qEHVI,0.05,0.0,0.65,0.0,0.0,0.2,0.1
16,2,4,1,True,0.07046876033574188,0.43672196633020377,0,qEHVI,0.0,0.15000000000000002,0.65,0.1,0.0,0.05,0.05
16,2,4,1,True,0.07046876033574188,0.43672196633020377,1,qEHVI,0.15000000000000002,0.1,0.65,0.05,0.0,0.0,0.05
16,2,4,1,True,0.07046876033574188,0.43672196633020377,2,qEHVI,0.0,0.05,0.65,0.1,0.0,0.1,0.1
16,2,4,1,True,0.07046876033574188,0.43672196633020377,3,qEHVI,0.35000000000000003,0.05,0.6000000000000001,0.0,0.0,0.0,0.0
16,2,4,1,True,0.07046876033574188,0.43672196633020377,4,qUCB,0.0,0.0,0.6000000000000001,0.0,0.1,0.30000000000000004,0.0
16,3,3,2,False,0.0540968986263818,0.22854372980737514,0,qEHVI,0.0,0.15000000000000002,0.65,0.1,0.0,0.05,0.05
16,3,3,2,False,0.0540968986263818,0.22854372980737514,1,qEHVI,0.15000000000000002,0.1,0.65,0.05,0.0,0.0,0.05
16,3,3,2,False,0.0540968986263818,0.22854372980737514,2,qEHVI,0.35000000000000003,0.0,0.65,0.0,0.0,0.0,0.0
16,3,3,2,False,0.0540968986263818,0.22854372980737514,3,qUCB,0.0,0.0,0.4,0.0,0.05,0.45,0.1
16,3,3,2,False,0.0540968986263818,0.22854372980737514,4,qUCB,0.0,0.0,0.55,0.0,0.0,0.45,0.0
16,4,2,3,False,0.04556803022998413,1.0684506572703496,0,qEHVI,0.0,0.15000000000000002,0.65,0.1,0.0,0.05,0.05
16,4,2,3,False,0.04556803022998413,1.0684506572703496,1,qEHVI,0.15000000000000002,0.1,0.65,0.05,0.0,0.0,0.05
16,4,2,3,False,0.04556803022998413,1.0684506572703496,2,qUCB,0.0,0.0,0.4,0.0,0.05,0.45,0.1
16,4,2,3,False,0.04556803022998413,1.0684506572703496,3,qUCB,0.0,0.0,0.55,0.0,0.0,0.45,0.0
16,4,2,3,False,0.04556803022998413,1.0684506572703496,4,qUCB,0.0,0.0,0.6000000000000001,0.0,0.1,0.30000000000000004,0.0
16,5,1,4,False,0.05429002781690482,0.331054051650574,0,qEHVI,0.0,0.15000000000000002,0.65,0.1,0.0,0.05,0.05
16,5,1,4,False,0.05429002781690482,0.331054051650574,1,qUCB,0.35000000000000003,0.0,0.65,0.0,0.0,0.0,0.0
16,5,1,4,False,0.05429002781690482,0.331054051650574,2,qUCB,0.35000000000000003,0.0,0.5,0.0,0.0,0.05,0.1
16,5,1,4,False,0.05429002781690482,0.331054051650574,3,qUCB,0.0,0.0,0.55,0.0,0.0,0.45,0.0
16,5,1,4,False,0.05429002781690482,0.331054051650574,4,qUCB,0.35000000000000003,0.0,0.55,0.0,0.0,0.1,0.0
16,6,0,5,False,0.03811267082846229,0.11973303717704376,0,qUCB,0.35000000000000003,0.0,0.65,0.0,0.0,0.0,0.0
16,6,0,5,False,0.03811267082846229,0.11973303717704376,1,qUCB,0.0,0.0,0.6000000000000001,0.0,0.0,0.4,0.0
16,6,0,5,False,0.03811267082846229,0.11973303717704376,2,qUCB,0.35000000000000003,0.0,0.5,0.0,0.0,0.05,0.1
16,6,0,5,False,0.03811267082846229,0.11973303717704376,3,qUCB,0.35000000000000003,0.0,0.55,0.0,0.0,0.1,0.0
16,6,0,5,False,0.03811267082846229,0.11973303717704376,4,qUCB,0.0,0.5,0.30000000000000004,0.1,0.0,0.0,0.1
17,1,5,0,False,0.06811633831159983,0.4613693230280891,0,qEHVI,0.2,0.05,0.7000000000000001,0.05,0.0,0.0,0.0
17,1,5,0,False,0.06811633831159983,0.4613693230280891,1,qEHVI,0.0,0.15000000000000002,0.7000000000000001,0.1,0.0,0.0,0.05
17,1,5,0,False,0.06811633831159983,0.4613693230280891,2,qEHVI,0.0,0.05,0.7000000000000001,0.0,0.0,0.2,0.05
17,1,5,0,False,0.06811633831159983,0.4613693230280891,3,qEHVI,0.15000000000000002,0.0,0.7000000000000001,0.0,0.0,0.05,0.1
17,1,5,0,False,0.06811633831159983,0.4613693230280891,4,qEHVI,0.15000000000000002,0.15000000000000002,0.65,0.0,0.0,0.0,0.05
17,2,4,1,False,0.05769040373269479,0.15859968037535221,0,qEHVI,0.2,0.05,0.7000000000000001,0.05,0.0,0.0,0.0
17,2,4,1,False,0.05769040373269479,0.15859968037535221,1,qEHVI,0.0,0.15000000000000002,0.7000000000000001,0.1,0.0,0.0,0.05
17,2,4,1,False,0.05769040373269479,0.15859968037535221,2,qEHVI,0.0,0.05,0.7000000000000001,0.0,0.0,0.2,0.05
17,2,4,1,False,0.05769040373269479,0.15859968037535221,3,qEHVI,0.1,0.05,0.7000000000000001,0.0,0.0,0.05,0.1
17,2,4,1,False,0.05769040373269479,0.15859968037535221,4,qUCB,0.05,0.0,0.2,0.1,0.1,0.45,0.1
17,3,3,2,True,0.04881486709942277,0.19375696477610393,0,qEHVI,0.2,0.05,0.7000000000000001,0.05,0.0,0.0,0.0
17,3,3,2,True,0.04881486709942277,0.19375696477610393,1,qEHVI,0.0,0.15000000000000002,0.7000000000000001,0.1,0.0,0.0,0.05
17,3,3,2,True,0.04881486709942277,0.19375696477610393,2,qEHVI,0.0,0.05,0.7000000000000001,0.0,0.0,0.2,0.05
17,3,3,2,True,0.04881486709942277,0.19375696477610393,3,qUCB,0.05,0.0,0.2,0.1,0.1,0.45,0.1
17,3,3,2,True,0.04881486709942277,0.19375696477610393,4,qUCB,0.35000000000000003,0.0,0.4,0.0,0.0,0.15000000000000002,0.1
17,4,2,3,False,0.03794692366438502,0.08891414372071815,0,qEHVI,0.2,0.05,0.7000000000000001,0.05,0.0,0.0,0.0
17,4,2,3,False,0.03794692366438502,0.08891414372071815,1,qEHVI,0.0,0.15000000000000002,0.7000000000000001,0.1,0.0,0.0,0.05
17,4,2,3,False,0.03794692366438502,0.08891414372071815,2,qUCB,0.05,0.0,0.2,0.1,0.1,0.45,0.1
17,4,2,3,False,0.03794692366438502,0.08891414372071815,3,qUCB,0.0,0.0,0.55,0.0,0.0,0.45,0.0
17,4,2,3,False,0.03794692366438502,0.08891414372071815,4,qUCB,0.0,0.5,0.35000000000000003,0.0,0.0,0.15000000000000002,0.0
17,5,1,4,False,0.026163485297813538,0.046754068112148106,0,qEHVI,0.2,0.05,0.7000000000000001,0.05,0.0,0.0,0.0
17,5,1,4,False,0.026163485297813538,0.046754068112148106,1,qUCB,0.05,0.0,0.2,0.1,0.1,0.45,0.1
17,5,1,4,False,0.026163485297813538,0.046754068112148106,2,qUCB,0.0,0.5,0.35000000000000003,0.05,0.0,0.0,0.1
17,5,1,4,False,0.026163485297813538,0.046754068112148106,3,qUCB,0.0,0.0,0.35000000000000003,0.1,0.0,0.45,0.1
17,5,1,4,False,0.026163485297813538,0.046754068112148106,4,qUCB,0.0,0.5,0.2,0.1,0.0,0.1,0.1
17,6,0,5,False,0.027042488531695844,0.07670542080012233,0,qUCB,0.0,0.0,0.6000000000000001,0.0,0.0,0.35000000000000003,0.05
17,6,0,5,False,0.027042488531695844,0.07670542080012233,1,qUCB,0.35000000000000003,0.0,0.55,0.0,0.0,0.0,0.1
17,6,0,5,False,0.027042488531695844,0.07670542080012233,2,qUCB,0.0,0.0,0.55,0.0,0.0,0.45,0.0
17,6,0,5,False,0.027042488531695844,0.07670542080012233,3,qUCB,0.0,0.5,0.35000000000000003,0.05,0.0,0.0,0.1
17,6,0,5,False,0.027042488531695844,0.07670542080012233,4,qUCB,0.35000000000000003,0.0,0.4,0.0,0.0,0.15000000000000002,0.1
18,1,5,0,False,0.05837375270082343,0.2271872430442503,0,qEHVI,0.15000000000000002,0.1,0.65,0.05,0.0,0.05,0.0
18,1,5,0,False,0.05837375270082343,0.2271872430442503,1,qEHVI,0.1,0.05,0.65,0.05,0.0,0.05,0.1
18,1,5,0,False,0.05837375270082343,0.2271872430442503,2,qEHVI,0.0,0.2,0.6000000000000001,0.1,0.0,0.05,0.05
18,1,5,0,False,0.05837375270082343,0.2271872430442503,3,qEHVI,0.0,0.0,0.6000000000000001,0.1,0.0,0.2,0.1
18,1,5,0,False,0.05837375270082343,0.2271872430442503,4,qEHVI,0.05,0.0,0.7000000000000001,0.0,0.0,0.15000000000000002,0.1
18,2,4,1,True,0.0502527378487087,0.2532680666464717,0,qEHVI,0.15000000000000002,0.1,0.65,0.05,0.0,0.05,0.0
18,2,4,1,True,0.0502527378487087,0.2532680666464717,1,qEHVI,0.1,0.05,0.65,0.05,0.0,0.05,0.1
18,2,4,1,True,0.0502527378487087,0.2532680666464717,2,qEHVI,0.0,0.2,0.6000000000000001,0.1,0.0,0.05,0.05
18,2,4,1,True,0.0502527378487087,0.2532680666464717,3,qEHVI,0.0,0.0,0.6000000000000001,0.1,0.0,0.2,0.1
18,2,4,1,True,0.0502527378487087,0.2532680666464717,4,qUCB,0.35000000000000003,0.4,0.2,0.0,0.0,0.0,0.05
18,3,3,2,False,0.043741304821155444,0.2499853493503137,0,qEHVI,0.15000000000000002,0.1,0.65,0.05,0.0,0.05,0.0
18,3,3,2,False,0.043741304821155444,0.2499853493503137,1,qEHVI,0.1,0.05,0.65,0.05,0.0,0.05,0.1
18,3,3,2,False,0.043741304821155444,0.2499853493503137,2,qEHVI,0.0,0.2,0.6000000000000001,0.1,0.0,0.05,0.05
18,3,3,2,False,0.043741304821155444,0.2499853493503137,3,qUCB,0.0,0.0,0.35000000000000003,0.1,0.1,0.45,0.0
18,3,3,2,False,0.043741304821155444,0.2499853493503137,4,qUCB,0.0,0.0,0.55,0.0,0.0,0.45,0.0
18,4,2,3,False,0.03915927721755359,0.18077179151040967,0,qEHVI,0.15000000000000002,0.1,0.65,0.05,0.0,0.05,0.0
18,4,2,3,False,0.03915927721755359,0.18077179151040967,1,qEHVI,0.1,0.05,0.65,0.05,0.0,0.05,0.1
18,4,2,3,False,0.03915927721755359,0.18077179151040967,2,qUCB,0.0,0.5,0.30000000000000004,0.1,0.0,0.0,0.1
18,4,2,3,False,0.03915927721755359,0.18077179151040967,3,qUCB,0.0,0.0,0.35000000000000003,0.1,0.1,0.45,0.0
18,4,2,3,False,0.03915927721755359,0.18077179151040967,4,qUCB,0.0,0.0,0.55,0.0,0.0,0.45,0.0
18,5,1,4,False,0.024717001764973063,0.23871388289230916,0,qEHVI,0.15000000000000002,0.1,0.65,0.05,0.0,0.05,0.0
18,5,1,4,False,0.024717001764973063,0.23871388289230916,1,qUCB,0.0,0.5,0.30000000000000004,0.1,0.0,0.0,0.1
18,5,1,4,False,0.024717001764973063,0.23871388289230916,2,qUCB,0.0,0.0,0.35000000000000003,0.1,0.0,0.45,0.1
18,5,1,4,False,0.024717001764973063,0.23871388289230916,3,qUCB,0.0,0.5,0.2,0.1,0.1,0.0,0.1
18,5,1,4,False,0.024717001764973063,0.23871388289230916,4,qUCB,0.0,0.0,0.55,0.0,0.0,0.45,0.0
18,6,0,5,False,0.027515917670124564,0.12179525116605516,0,qUCB,0.0,0.0,0.65,0.0,0.0,0.35000000000000003,0.0
18,6,0,5,False,0.027515917670124564,0.12179525116605516,1,qUCB,0.0,0.5,0.30000000000000004,0.1,0.0,0.0,0.1
18,6,0,5,False,0.027515917670124564,0.12179525116605516,2,qUCB,0.35000000000000003,0.0,0.5,0.05,0.0,0.0,0.1
18,6,0,5,False,0.027515917670124564,0.12179525116605516,3,qUCB,0.0,0.0,0.55,0.0,0.0,0.45,0.0
18,6,0,5,False,0.027515917670124564,0.12179525116605516,4,qUCB,0.0,0.0,0.5,0.05,0.0,0.35000000000000003,0.1
19,1,5,0,False,0.06824065163076284,0.2875573961736322,0,qEHVI,0.15000000000000002,0.15000000000000002,0.65,0.0,0.0,0.0,0.05
19,1,5,0,False,0.06824065163076284,0.2875573961736322,1,qEHVI,0.0,0.0,0.7000000000000001,0.1,0.0,0.1,0.1
19,1,5,0,False,0.06824065163076284,0.2875573961736322,2,qEHVI,0.05,0.1,0.65,0.1,0.0,0.0,0.1
19,1,5,0,False,0.06824065163076284,0.2875573961736322,3,qEHVI,0.05,0.0,0.65,0.0,0.0,0.2,0.1
19,1,5,0,False,0.06824065163076284,0.2875573961736322,4,qEHVI,0.05,0.15000000000000002,0.7000000000000001,0.0,0.0,0.05,0.05
19,2,4,1,False,0.05858829790538588,0.1503529134207664,0,qEHVI,0.15000000000000002,0.15000000000000002,0.65,0.0,0.0,0.0,0.05
19,2,4,1,False,0.05858829790538588,0.1503529134207664,1,qEHVI,0.0,0.0,0.7000000000000001,0.1,0.0,0.1,0.1
19,2,4,1,False,0.05858829790538588,0.1503529134207664,2,qEHVI,0.05,0.1,0.65,0.1,0.0,0.0,0.1
19,2,4,1,False,0.05858829790538588,0.1503529134207664,3,qEHVI,0.05,0.0,0.65,0.0,0.0,0.2,0.1
19,2,4,1,False,0.05858829790538588,0.1503529134207664,4,qUCB,0.05,0.0,0.30000000000000004,0.1,0.1,0.45,0.0
19,3,3,2,True,0.048244897590974355,0.18619629542209282,0,qEHVI,0.15000000000000002,0.15000000000000002,0.65,0.0,0.0,0.0,0.05
19,3,3,2,True,0.048244897590974355,0.18619629542209282,1,qEHVI,0.0,0.0,0.7000000000000001,0.1,0.0,0.1,0.1
19,3,3,2,True,0.048244897590974355,0.18619629542209282,2,qEHVI,0.05,0.1,0.65,0.1,0.0,0.0,0.1
19,3,3,2,True,0.048244897590974355,0.18619629542209282,3,qUCB,0.0,0.05,0.30000000000000004,0.0,0.1,0.45,0.1
19,3,3,2,True,0.048244897590974355,0.18619629542209282,4,qUCB,0.0,0.0,0.5,0.05,0.0,0.45,0.0
19,4,2,3,False,0.03796382212311352,0.16822081462446947,0,qEHVI,0.15000000000000002,0.15000000000000002,0.65,0.0,0.0,0.0,0.05
19,4,2,3,False,0.03796382212311352,0.16822081462446947,1,qEHVI,0.0,0.0,0.7000000000000001,0.1,0.0,0.1,0.1
19,4,2,3,False,0.03796382212311352,0.16822081462446947,2,qUCB,0.1,0.5,0.2,0.1,0.0,0.0,0.1
19,4,2,3,False,0.03796382212311352,0.16822081462446947,3,qUCB,0.0,0.0,0.5,0.05,0.0,0.45,0.0
19,4,2,3,False,0.03796382212311352,0.16822081462446947,4,qUCB,0.0,0.5,0.4,0.1,0.0,0.0,0.0
19,5,1,4,False,0.02290548333547521,0.5848318312917093,0,qEHVI,0.15000000000000002,0.15000000000000002,0.65,0.0,0.0,0.0,0.05
19,5,1,4,False,0.02290548333547521,0.5848318312917093,1,qUCB,0.0,0.0,0.35000000000000003,0.1,0.0,0.45,0.1
19,5,1,4,False,0.02290548333547521,0.5848318312917093,2,qUCB,0.0,0.0,0.5,0.05,0.0,0.45,0.0
19,5,1,4,False,0.02290548333547521,0.5848318312917093,3,qUCB,0.1,0.5,0.2,0.1,0.0,0.0,0.1
19,5,1,4,False,0.02290548333547521,0.5848318312917093,4,qUCB,0.05,0.0,0.30000000000000004,0.1,0.1,0.45,0.0
19,6,0,5,False,0.02050818666143161,0.06862902586027975,0,qUCB,0.0,0.0,0.55,0.0,0.0,0.35000000000000003,0.1
19,6,0,5,False,0.02050818666143161,0.06862902586027975,1,qUCB,0.0,0.0,0.6000000000000001,0.0,0.0,0.4,0.0
19,6,0,5,False,0.02050818666143161,0.06862902586027975,2,qUCB,0.0,0.5,0.4,0.0,0.0,0.0,0.1
19,6,0,5,False,0.02050818666143161,0.06862902586027975,3,qUCB,0.35000000000000003,0.0,0.55,0.0,0.0,0.0,0.1
19,6,0,5,False,0.02050818666143161,0.06862902586027975,4,qUCB,0.0,0.5,0.4,0.0,0.0,0.1,0.0
20,1,5,0,False,0.054121006626178164,0.2785381023907192,0,qEHVI,0.2,0.0,0.7000000000000001,0.1,0.0,0.0,0.0
20,1,5,0,False,0.054121006626178164,0.2785381023907192,1,qEHVI,0.0,0.05,0.7000000000000001,0.0,0.0,0.15000000000000002,0.1
20,1,5,0,False,0.054121006626178164,0.2785381023907192,2,qEHVI,0.05,0.15000000000000002,0.7000000000000001,0.0,0.0,0.05,0.05
20,1,5,0,False,0.054121006626178164,0.2785381023907192,3,qEHVI,0.2,0.1,0.65,0.0,0.0,0.05,0.0
20,1,5,0,False,0.054121006626178164,0.2785381023907192,4,qEHVI,0.1,0.0,0.65,0.1,0.0,0.05,0.1
20,2,4,1,False,0.04713913851527401,0.12104376635345915,0,qEHVI,0.2,0.0,0.7000000000000001,0.1,0.0,0.0,0.0
20,2,4,1,False,0.04713913851527401,0.12104376635345915,1,qEHVI,0.0,0.05,0.7000000000000001,0.0,0.0,0.15000000000000002,0.1
20,2,4,1,False,0.04713913851527401,0.12104376635345915,2,qEHVI,0.05,0.15000000000000002,0.7000000000000001,0.0,0.0,0.05,0.05
20,2,4,1,False,0.04713913851527401,0.12104376635345915,3,qEHVI,0.15000000000000002,0.15000000000000002,0.65,0.0,0.0,0.05,0.0
20,2,4,1,False,0.04713913851527401,0.12104376635345915,4,qUCB,0.0,0.0,0.30000000000000004,0.1,0.1,0.45,0.05
20,3,3,2,True,0.039142884800955,0.2710762819108936,0,qEHVI,0.2,0.0,0.7000000000000001,0.1,0.0,0.0,0.0
20,3,3,2,True,0.039142884800955,0.2710762819108936,1,qEHVI,0.0,0.05,0.7000000000000001,0.0,0.0,0.15000000000000002,0.1
20,3,3,2,True,0.039142884800955,0.2710762819108936,2,qEHVI,0.05,0.15000000000000002,0.7000000000000001,0.0,0.0,0.05,0.05
20,3,3,2,True,0.039142884800955,0.2710762819108936,3,qUCB,0.0,0.0,0.30000000000000004,0.1,0.1,0.45,0.05
20,3,3,2,True,0.039142884800955,0.2710762819108936,4,qUCB,0.0,0.45,0.35000000000000003,0.1,0.0,0.0,0.1
20,4,2,3,False,0.029540481937564488,0.14977168648084982,0,qEHVI,0.2,0.0,0.7000000000000001,0.1,0.0,0.0,0.0
20,4,2,3,False,0.029540481937564488,0.14977168648084982,1,qEHVI,0.0,0.05,0.7000000000000001,0.0,0.0,0.15000000000000002,0.1
20,4,2,3,False,0.029540481937564488,0.14977168648084982,2,qUCB,0.0,0.0,0.30000000000000004,0.1,0.1,0.45,0.05
20,4,2,3,False,0.029540481937564488,0.14977168648084982,3,qUCB,0.0,0.45,0.35000000000000003,0.1,0.0,0.0,0.1
20,4,2,3,False,0.029540481937564488,0.14977168648084982,4,qUCB,0.0,0.5,0.30000000000000004,0.1,0.0,0.1,0.0
20,5,1,4,False,0.021343174849914798,0.03343465192497974,0,qEHVI,0.2,0.0,0.7000000000000001,0.1,0.0,0.0,0.0
20,5,1,4,False,0.021343174849914798,0.03343465192497974,1,qUCB,0.0,0.15000000000000002,0.2,0.0,0.1,0.45,0.1
20,5,1,4,False,0.021343174849914798,0.03343465192497974,2,qUCB,0.0,0.5,0.35000000000000003,0.05,0.0,0.0,0.1
20,5,1,4,False,0.021343174849914798,0.03343465192497974,3,qUCB,0.0,0.0,0.5,0.0,0.0,0.4,0.1
20,5,1,4,False,0.021343174849914798,0.03343465192497974,4,qUCB,0.0,0.5,0.30000000000000004,0.0,0.1,0.0,0.1
20,6,0,5,False,0.017740531616736596,0.25507069381791003,0,qUCB,0.0,0.0,0.6000000000000001,0.0,0.0,0.30000000000000004,0.1
20,6,0,5,False,0.017740531616736596,0.25507069381791003,1,qUCB,0.0,0.5,0.35000000000000003,0.05,0.0,0.0,0.1
20,6,0,5,False,0.017740531616736596,0.25507069381791003,2,qUCB,0.35000000000000003,0.0,0.5,0.05,0.0,0.0,0.1
20,6,0,5,False,0.017740531616736596,0.25507069381791003,3,qUCB,0.0,0.0,0.65,0.0,0.0,0.35000000000000003,0.0
20,6,0,5,False,0.017740531616736596,0.25507069381791003,4,qUCB,0.0,0.05,0.7000000000000001,0.1,0.0,0.15000000000000002,0.0
21,1,5,0,False,0.04744003812523738,0.5864869846016028,0,qEHVI,0.2,0.05,0.65,0.1,0.0,0.0,0.0
21,1,5,0,False,0.04744003812523738,0.5864869846016028,1,qEHVI,0.05,0.0,0.6000000000000001,0.05,0.0,0.2,0.1
21,1,5,0,False,0.04744003812523738,0.5864869846016028,2,qEHVI,0.0,0.2,0.65,0.05,0.0,0.05,0.05
21,1,5,0,False,0.04744003812523738,0.5864869846016028,3,qEHVI,0.15000000000000002,0.1,0.55,0.1,0.0,0.05,0.05
21,1,5,0,False,0.04744003812523738,0.5864869846016028,4,qEHVI,0.1,0.0,0.65,0.1,0.0,0.05,0.1
21,2,4,1,False,0.03984067913961828,0.12210804039321665,0,qEHVI,0.2,0.05,0.65,0.1,0.0,0.0,0.0
21,2,4,1,False,0.03984067913961828,0.12210804039321665,1,qEHVI,0.05,0.0,0.6000000000000001,0.05,0.0,0.2,0.1
21,2,4,1,False,0.03984067913961828,0.12210804039321665,2,qEHVI,0.0,0.2,0.65,0.05,0.0,0.05,0.05
21,2,4,1,False,0.03984067913961828,0.12210804039321665,3,qEHVI,0.15000000000000002,0.1,0.55,0.1,0.0,0.05,0.05
21,2,4,1,False,0.03984067913961828,0.12210804039321665,4,qUCB,0.35000000000000003,0.35000000000000003,0.30000000000000004,0.0,0.0,0.0,0.0
21,3,3,2,False,0.03779725856004143,0.1250020712402513,0,qEHVI,0.2,0.05,0.65,0.1,0.0,0.0,0.0
21,3,3,2,False,0.03779725856004143,0.1250020712402513,1,qEHVI,0.05,0.0,0.6000000000000001,0.05,0.0,0.2,0.1
21,3,3,2,False,0.03779725856004143,0.1250020712402513,2,qEHVI,0.0,0.2,0.65,0.05,0.0,0.05,0.05
21,3,3,2,False,0.03779725856004143,0.1250020712402513,3,qUCB,0.35000000000000003,0.35000000000000003,0.30000000000000004,0.0,0.0,0.0,0.0
21,3,3,2,False,0.03779725856004143,0.1250020712402513,4,qUCB,0.35000000000000003,0.05,0.5,0.0,0.0,0.0,0.1
21,4,2,3,True,0.023613639453849214,0.1894845165431116,0,qEHVI,0.2,0.05,0.65,0.1,0.0,0.0,0.0
21,4,2,3,True,0.023613639453849214,0.1894845165431116,1,qEHVI,0.05,0.0,0.6000000000000001,0.05,0.0,0.2,0.1
21,4,2,3,True,0.023613639453849214,0.1894845165431116,2,qUCB,0.25,0.5,0.2,0.0,0.0,0.0,0.05
21,4,2,3,True,0.023613639453849214,0.1894845165431116,3,qUCB,0.0,0.5,0.4,0.0,0.0,0.1,0.0
21,4,2,3,True,0.023613639453849214,0.1894845165431116,4,qUCB,0.0,0.2,0.65,0.0,0.1,0.05,0.0
21,5,1,4,False,0.018451651778059356,0.06395402691885677,0,qEHVI,0.2,0.05,0.65,0.1,0.0,0.0,0.0
21,5,1,4,False,0.018451651778059356,0.06395402691885677,1,qUCB,0.0,0.0,0.4,0.0,0.1,0.4,0.1
21,5,1,4,False,0.018451651778059356,0.06395402691885677,2,qUCB,0.0,0.0,0.5,0.0,0.0,0.4,0.1
21,5,1,4,False,0.018451651778059356,0.06395402691885677,3,qUCB,0.0,0.25,0.2,0.0,0.0,0.45,0.1
21,5,1,4,False,0.018451651778059356,0.06395402691885677,4,qUCB,0.0,0.5,0.4,0.0,0.0,0.1,0.0
21,6,0,5,False,0.019255583768731818,0.20968668239691457,0,qUCB,0.0,0.0,0.5,0.0,0.0,0.4,0.1
21,6,0,5,False,0.019255583768731818,0.20968668239691457,1,qUCB,0.35000000000000003,0.0,0.5,0.05,0.0,0.0,0.1
21,6,0,5,False,0.019255583768731818,0.20968668239691457,2,qUCB,0.0,0.1,0.7000000000000001,0.1,0.1,0.0,0.0
21,6,0,5,False,0.019255583768731818,0.20968668239691457,3,qUCB,0.35000000000000003,0.0,0.55,0.0,0.0,0.1,0.0
21,6,0,5,False,0.019255583768731818,0.20968668239691457,4,qUCB,0.0,0.5,0.4,0.0,0.0,0.1,0.0
22,1,5,0,False,0.05208511297631019,0.15849024857502236,0,qEHVI,0.05,0.0,0.65,0.05,0.0,0.15000000000000002,0.1
22,1,5,0,False,0.05208511297631019,0.15849024857502236,1,qEHVI,0.25,0.0,0.65,0.1,0.0,0.0,0.0
22,1,5,0,False,0.05208511297631019,0.15849024857502236,2,qEHVI,0.1,0.05,0.65,0.05,0.0,0.1,0.05
22,1,5,0,False,0.05208511297631019,0.15849024857502236,3,qEHVI,0.15000000000000002,0.15000000000000002,0.7000000000000001,0.0,0.0,0.0,0.0
22,1,5,0,False,0.05208511297631019,0.15849024857502236,4,qEHVI,0.15000000000000002,0.0,0.65,0.1,0.0,0.05,0.05
22,2,4,1,False,0.044696619365818674,0.21437049565773236,0,qEHVI,0.05,0.0,0.65,0.05,0.0,0.15000000000000002,0.1
22,2,4,1,False,0.044696619365818674,0.21437049565773236,1,qEHVI,0.25,0.0,0.65,0.1,0.0,0.0,0.0
22,2,4,1,False,0.044696619365818674,0.21437049565773236,2,qEHVI,0.1,0.05,0.65,0.05,0.0,0.1,0.05
22,2,4,1,False,0.044696619365818674,0.21437049565773236,3,qEHVI,0.15000000000000002,0.15000000000000002,0.7000000000000001,0.0,0.0,0.0,0.0
22,2,4,1,False,0.044696619365818674,0.21437049565773236,4,qUCB,0.1,0.5,0.2,0.1,0.0,0.0,0.1
22,3,3,2,True,0.03693292240987489,0.2187271312926784,0,qEHVI,0.05,0.0,0.65,0.05,0.0,0.15000000000000002,0.1
22,3,3,2,True,0.03693292240987489,0.2187271312926784,1,qEHVI,0.25,0.0,0.65,0.1,0.0,0.0,0.0
22,3,3,2,True,0.03693292240987489,0.2187271312926784,2,qEHVI,0.1,0.05,0.65,0.05,0.0,0.1,0.05
22,3,3,2,True,0.03693292240987489,0.2187271312926784,3,qUCB,0.30000000000000004,0.4,0.30000000000000004,0.0,0.0,0.0,0.0
22,3,3,2,True,0.03693292240987489,0.2187271312926784,4,qUCB,0.0,0.5,0.2,0.1,0.1,0.1,0.0
22,4,2,3,False,0.02760221541981934,0.16676335931821695,0,qEHVI,0.05,0.0,0.65,0.05,0.0,0.15000000000000002,0.1
22,4,2,3,False,0.02760221541981934,0.16676335931821695,1,qEHVI,0.25,0.0,0.65,0.1,0.0,0.0,0.0
22,4,2,3,False,0.02760221541981934,0.16676335931821695,2,qUCB,0.2,0.5,0.30000000000000004,0.0,0.0,0.0,0.0
22,4,2,3,False,0.02760221541981934,0.16676335931821695,3,qUCB,0.0,0.5,0.2,0.1,0.1,0.1,0.0
22,4,2,3,False,0.02760221541981934,0.16676335931821695,4,qUCB,0.0,0.5,0.5,0.0,0.0,0.0,0.0
22,5,1,4,False,0.017626786020519997,0.15633113509919694,0,qEHVI,0.05,0.0,0.65,0.05,0.0,0.15000000000000002,0.1
22,5,1,4,False,0.017626786020519997,0.15633113509919694,1,qUCB,0.35000000000000003,0.35000000000000003,0.2,0.1,0.0,0.0,0.0
22,5,1,4,False,0.017626786020519997,0.15633113509919694,2,qUCB,0.35000000000000003,0.30000000000000004,0.35000000000000003,0.0,0.0,0.0,0.0
22,5,1,4,False,0.017626786020519997,0.15633113509919694,3,qUCB,0.0,0.5,0.2,0.1,0.1,0.1,0.0
22,5,1,4,False,0.017626786020519997,0.15633113509919694,4,qUCB,0.35000000000000003,0.0,0.4,0.1,0.0,0.15000000000000002,0.0
22,6,0,5,False,0.01568980104006476,0.023390027383483503,0,qUCB,0.0,0.0,0.6000000000000001,0.0,0.0,0.30000000000000004,0.1
22,6,0,5,False,0.01568980104006476,0.023390027383483503,1,qUCB,0.35000000000000003,0.0,0.55,0.0,0.0,0.0,0.1
22,6,0,5,False,0.01568980104006476,0.023390027383483503,2,qUCB,0.0,0.0,0.35000000000000003,0.1,0.0,0.45,0.1
22,6,0,5,False,0.01568980104006476,0.023390027383483503,3,qUCB,0.0,0.0,0.65,0.0,0.0,0.35000000000000003,0.0
22,6,0,5,False,0.01568980104006476,0.023390027383483503,4,qUCB,0.35000000000000003,0.0,0.4,0.1,0.0,0.15000000000000002,0.0
23,1,5,0,False,0.05276924078150525,0.15934556843294168,0,qEHVI,0.2,0.1,0.65,0.05,0.0,0.0,0.0
23,1,5,0,False,0.05276924078150525,0.15934556843294168,1,qEHVI,0.05,0.0,0.6000000000000001,0.1,0.0,0.15000000000000002,0.1
23,1,5,0,False,0.05276924078150525,0.15934556843294168,2,qEHVI,0.1,0.05,0.7000000000000001,0.05,0.0,0.0,0.1
23,1,5,0,False,0.05276924078150525,0.15934556843294168,3,qEHVI,0.35000000000000003,0.0,0.6000000000000001,0.0,0.0,0.05,0.0
23,1,5,0,False,0.05276924078150525,0.15934556843294168,4,qEHVI,0.05,0.0,0.65,0.0,0.0,0.2,0.1
23,2,4,1,True,0.044871245275851325,0.1627732549506753,0,qEHVI,0.2,0.1,0.65,0.05,0.0,0.0,0.0
23,2,4,1,True,0.044871245275851325,0.1627732549506753,1,qEHVI,0.05,0.0,0.6000000000000001,0.1,0.0,0.15000000000000002,0.1
23,2,4,1,True,0.044871245275851325,0.1627732549506753,2,qEHVI,0.1,0.05,0.7000000000000001,0.05,0.0,0.0,0.1
23,2,4,1,True,0.044871245275851325,0.1627732549506753,3,qEHVI,0.05,0.0,0.65,0.0,0.0,0.2,0.1
23,2,4,1,True,0.044871245275851325,0.1627732549506753,4,qUCB,0.0,0.05,0.35000000000000003,0.05,0.1,0.45,0.0
23,3,3,2,False,0.03776021395249148,0.1066983009487128,0,qEHVI,0.2,0.1,0.65,0.05,0.0,0.0,0.0
23,3,3,2,False,0.03776021395249148,0.1066983009487128,1,qEHVI,0.05,0.0,0.6000000000000001,0.1,0.0,0.15000000000000002,0.1
23,3,3,2,False,0.03776021395249148,0.1066983009487128,2,qEHVI,0.1,0.05,0.7000000000000001,0.05,0.0,0.0,0.1
23,3,3,2,False,0.03776021395249148,0.1066983009487128,3,qUCB,0.05,0.0,0.35000000000000003,0.0,0.1,0.45,0.05
23,3,3,2,False,0.03776021395249148,0.1066983009487128,4,qUCB,0.0,0.0,0.4,0.0,0.1,0.4,0.1
23,4,2,3,False,0.03656216073078783,0.15697810512322885,0,qEHVI,0.2,0.1,0.65,0.05,0.0,0.0,0.0
23,4,2,3,False,0.03656216073078783,0.15697810512322885,1,qEHVI,0.05,0.0,0.6000000000000001,0.1,0.0,0.15000000000000002,0.1
23,4,2,3,False,0.03656216073078783,0.15697810512322885,2,qUCB,0.0,0.5,0.30000000000000004,0.0,0.1,0.0,0.1
23,4,2,3,False,0.03656216073078783,0.15697810512322885,3,qUCB,0.15000000000000002,0.5,0.2,0.0,0.0,0.05,0.1
23,4,2,3,False,0.03656216073078783,0.15697810512322885,4,qUCB,0.35000000000000003,0.0,0.55,0.0,0.0,0.0,0.1
23,5,1,4,False,0.024804047180512868,0.0392105984932094,0,qEHVI,0.2,0.1,0.65,0.05,0.0,0.0,0.0
23,5,1,4,False,0.024804047180512868,0.0392105984932094,1,qUCB,0.0,0.0,0.35000000000000003,0.1,0.0,0.45,0.1
23,5,1,4,False,0.024804047180512868,0.0392105984932094,2,qUCB,0.0,0.0,0.4,0.0,0.1,0.4,0.1
23,5,1,4,False,0.024804047180512868,0.0392105984932094,3,qUCB,0.0,0.0,0.55,0.0,0.0,0.35000000000000003,0.1
23,5,1,4,False,0.024804047180512868,0.0392105984932094,4,qUCB,0.0,0.15000000000000002,0.2,0.1,0.0,0.45,0.1
23,6,0,5,False,0.026575891927868803,0.01948266605931169,0,qUCB,0.0,0.0,0.6000000000000001,0.0,0.0,0.30000000000000004,0.1
23,6,0,5,False,0.026575891927868803,0.01948266605931169,1,qUCB,0.0,0.1,0.7000000000000001,0.1,0.0,0.0,0.1
23,6,0,5,False,0.026575891927868803,0.01948266605931169,2,qUCB,0.35000000000000003,0.0,0.55,0.0,0.0,0.0,0.1
23,6,0,5,False,0.026575891927868803,0.01948266605931169,3,qUCB,0.35000000000000003,0.0,0.55,0.0,0.0,0.1,0.0
23,6,0,5,False,0.026575891927868803,0.01948266605931169,4,qUCB,0.0,0.0,0.35000000000000003,0.1,0.0,0.45,0.1
24,1,5,0,True,0.04760488277719227,0.19855138461859134,0,qEHVI,0.15000000000000002,0.15000000000000002,0.65,0.05,0.0,0.0,0.0
24,1,5,0,True,0.04760488277719227,0.19855138461859134,1,qEHVI,0.0,0.0,0.55,0.0,0.0,0.35000000000000003,0.1
24,1,5,0,True,0.04760488277719227,0.19855138461859134,2,qEHVI,0.1,0.05,0.7000000000000001,0.1,0.0,0.0,0.05
24,1,5,0,True,0.04760488277719227,0.19855138461859134,3,qEHVI,0.05,0.15000000000000002,0.65,0.05,0.0,0.0,0.1
24,1,5,0,True,0.04760488277719227,0.19855138461859134,4,qEHVI,0.30000000000000004,0.0,0.6000000000000001,0.05,0.0,0.05,0.0
24,2,4,1,False,0.03912578155723304,0.9551691661007844,0,qEHVI,0.15000000000000002,0.15000000000000002,0.65,0.05,0.0,0.0,0.0
24,2,4,1,False,0.03912578155723304,0.9551691661007844,1,qEHVI,0.1,0.05,0.7000000000000001,0.1,0.0,0.0,0.05
24,2,4,1,False,0.03912578155723304,0.9551691661007844,2,qEHVI,0.0,0.0,0.55,0.0,0.0,0.35000000000000003,0.1
24,2,4,1,False,0.03912578155723304,0.9551691661007844,3,qEHVI,0.05,0.15000000000000002,0.65,0.05,0.0,0.0,0.1
24,2,4,1,False,0.03912578155723304,0.9551691661007844,4,qUCB,0.0,0.0,0.35000000000000003,0.1,0.1,0.45,0.0
24,3,3,2,False,0.03808569821426514,0.13094882308625966,0,qEHVI,0.15000000000000002,0.15000000000000002,0.65,0.05,0.0,0.0,0.0
24,3,3,2,False,0.03808569821426514,0.13094882308625966,1,qEHVI,0.0,0.0,0.55,0.0,0.0,0.35000000000000003,0.1
24,3,3,2,False,0.03808569821426514,0.13094882308625966,2,qEHVI,0.1,0.05,0.7000000000000001,0.1,0.0,0.0,0.05
24,3,3,2,False,0.03808569821426514,0.13094882308625966,3,qUCB,0.0,0.5,0.2,0.1,0.1,0.0,0.1
24,3,3,2,False,0.03808569821426514,0.13094882308625966,4,qUCB,0.35000000000000003,0.0,0.55,0.0,0.0,0.0,0.1
24,4,2,3,False,0.030676126641466944,0.1696987692076899,0,qEHVI,0.15000000000000002,0.15000000000000002,0.65,0.05,0.0,0.0,0.0
24,4,2,3,False,0.030676126641466944,0.1696987692076899,1,qEHVI,0.1,0.05,0.7000000000000001,0.1,0.0,0.0,0.05
24,4,2,3,False,0.030676126641466944,0.1696987692076899,2,qUCB,0.0,0.0,0.30000000000000004,0.05,0.1,0.45,0.1
24,4,2,3,False,0.030676126641466944,0.1696987692076899,3,qUCB,0.0,0.0,0.4,0.0,0.1,0.4,0.1
24,4,2,3,False,0.030676126641466944,0.1696987692076899,4,qUCB,0.0,0.0,0.55,0.0,0.0,0.35000000000000003,0.1
24,5,1,4,False,0.022918168098123883,0.01814681050108824,0,qEHVI,0.15000000000000002,0.15000000000000002,0.65,0.05,0.0,0.0,0.0
24,5,1,4,False,0.022918168098123883,0.01814681050108824,1,qUCB,0.0,0.0,0.30000000000000004,0.05,0.1,0.45,0.1
24,5,1,4,False,0.022918168098123883,0.01814681050108824,2,qUCB,0.0,0.0,0.4,0.05,0.0,0.45,0.1
24,5,1,4,False,0.022918168098123883,0.01814681050108824,3,qUCB,0.0,0.0,0.55,0.0,0.0,0.35000000000000003,0.1
24,5,1,4,False,0.022918168098123883,0.01814681050108824,4,qUCB,0.0,0.15000000000000002,0.2,0.1,0.0,0.45,0.1
24,6,0,5,False,0.02438146950823191,0.315872847862392,0,qUCB,0.0,0.0,0.6000000000000001,0.0,0.0,0.30000000000000004,0.1
24,6,0,5,False,0.02438146950823191,0.315872847862392,1,qUCB,0.35000000000000003,0.0,0.55,0.0,0.0,0.0,0.1
24,6,0,5,False,0.02438146950823191,0.315872847862392,2,qUCB,0.30000000000000004,0.0,0.6000000000000001,0.0,0.0,0.1,0.0
24,6,0,5,False,0.02438146950823191,0.315872847862392,3,qUCB,0.0,0.0,0.4,0.05,0.0,0.45,0.1
24,6,0,5,False,0.02438146950823191,0.315872847862392,4,qUCB,0.0,0.0,0.7000000000000001,0.0,0.0,0.30000000000000004,0.0
25,1,5,0,False,0.052375354625998134,0.1040088544693738,0,qEHVI,0.2,0.05,0.6000000000000001,0.1,0.0,0.05,0.0
25,1,5,0,False,0.052375354625998134,0.1040088544693738,1,qEHVI,0.30000000000000004,0.0,0.65,0.0,0.0,0.05,0.0
25,1,5,0,False,0.052375354625998134,0.1040088544693738,2,qEHVI,0.05,0.0,0.7000000000000001,0.0,0.0,0.15000000000000002,0.1
25,1,5,0,False,0.052375354625998134,0.1040088544693738,3,qEHVI,0.0,0.2,0.65,0.05,0.0,0.05,0.05
25,1,5,0,False,0.052375354625998134,0.1040088544693738,4,qEHVI,0.35000000000000003,0.0,0.55,0.1,0.0,0.0,0.0
25,2,4,1,True,0.046809397185591455,0.2404497562153587,0,qEHVI,0.2,0.05,0.6000000000000001,0.1,0.0,0.05,0.0
25,2,4,1,True,0.046809397185591455,0.2404497562153587,1,qEHVI,0.30000000000000004,0.0,0.65,0.0,0.0,0.05,0.0
25,2,4,1,True,0.046809397185591455,0.2404497562153587,2,qEHVI,0.05,0.0,0.7000000000000001,0.0,0.0,0.15000000000000002,0.1
25,2,4,1,True,0.046809397185591455,0.2404497562153587,3,qEHVI,0.0,0.2,0.65,0.05,0.0,0.05,0.05
25,2,4,1,True,0.046809397185591455,0.2404497562153587,4,qUCB,0.0,0.0,0.35000000000000003,0.1,0.0,0.45,0.1
25,3,3,2,False,0.038311563137758346,0.03208911644509005,0,qEHVI,0.2,0.05,0.6000000000000001,0.1,0.0,0.05,0.0
25,3,3,2,False,0.038311563137758346,0.03208911644509005,1,qEHVI,0.30000000000000004,0.0,0.65,0.0,0.0,0.05,0.0
25,3,3,2,False,0.038311563137758346,0.03208911644509005,2,qEHVI,0.05,0.0,0.7000000000000001,0.0,0.0,0.15000000000000002,0.1
25,3,3,2,False,0.038311563137758346,0.03208911644509005,3,qUCB,0.0,0.0,0.35000000000000003,0.1,0.0,0.45,0.1
25,3,3,2,False,0.038311563137758346,0.03208911644509005,4,qUCB,0.1,0.0,0.2,0.1,0.1,0.4,0.1
25,4,2,3,False,0.02791470644673407,0.07082088599744374,0,qEHVI,0.2,0.05,0.6000000000000001,0.1,0.0,0.05,0.0
25,4,2,3,False,0.02791470644673407,0.07082088599744374,1,qEHVI,0.30000000000000004,0.0,0.65,0.0,0.0,0.05,0.0
25,4,2,3,False,0.02791470644673407,0.07082088599744374,2,qUCB,0.0,0.0,0.30000000000000004,0.05,0.1,0.45,0.1
25,4,2,3,False,0.02791470644673407,0.07082088599744374,3,qUCB,0.0,0.0,0.5,0.0,0.1,0.30000000000000004,0.1
25,4,2,3,False,0.02791470644673407,0.07082088599744374,4,qUCB,0.0,0.25,0.2,0.0,0.0,0.45,0.1
25,5,1,4,False,0.02242760605446833,0.032540539238056665,0,qEHVI,0.2,0.05,0.6000000000000001,0.1,0.0,0.05,0.0
25,5,1,4,False,0.02242760605446833,0.032540539238056665,1,qUCB,0.0,0.0,0.5,0.0,0.1,0.30000000000000004,0.1
25,5,1,4,False,0.02242760605446833,0.032540539238056665,2,qUCB,0.0,0.05,0.4,0.0,0.0,0.45,0.1
25,5,1,4,False,0.02242760605446833,0.032540539238056665,3,qUCB,0.35000000000000003,0.05,0.5,0.0,0.0,0.0,0.1
25,5,1,4,False,0.02242760605446833,0.032540539238056665,4,qUCB,0.0,0.5,0.30000000000000004,0.0,0.1,0.0,0.1
25,6,0,5,False,0.014344788117004343,0.07554829595499069,0,qUCB,0.30000000000000004,0.0,0.6000000000000001,0.0,0.0,0.0,0.1
25,6,0,5,False,0.014344788117004343,0.07554829595499069,1,qUCB,0.0,0.0,0.35000000000000003,0.1,0.0,0.45,0.1
25,6,0,5,False,0.014344788117004343,0.07554829595499069,2,qUCB,0.35000000000000003,0.0,0.5,0.0,0.0,0.15000000000000002,0.0
25,6,0,5,False,0.014344788117004343,0.07554829595499069,3,qUCB,0.0,0.0,0.65,0.0,0.0,0.35000000000000003,0.0
25,6,0,5,False,0.014344788117004343,0.07554829595499069,4,qUCB,0.1,0.0,0.55,0.0,0.0,0.35000000000000003,0.0
